164790293	90302691
293634142	131999455
265584815	283751411
271483064	271241574
277676380	277183688
286636609	123170010
130711947	55460169
62128536	272371905
224657842	74611492
17956954	69706331
268337716	268341857
262963296	68290755
22833935	18289658
186391032	187872150
285442804	283759809
290903512	285364417
102466337	146487467	146489739	145794908	102326616	147496209	161685243	102340836	102471310
221643624	253604117
192316299	20565476
180257770	46449856	297191467	297733845
283677779	22026671
238781497	149712786
291832947	253333342
156848896	277950113
136571761	293850263
97092785	247166045	106891895
169772318	272252799
212806534	295310353
144213292	299086998	247630268
137823540	141721010
271651035	159352138	154279509
123438457	22258796
191399297	83997865	85499846
242288031	221101880
132279929	27376493
92178045	259635899	120059018	129130495	113789309	88826418	61997654	86219843	61996971
293668689	231959113
236980062	107712549
134875037	20485482
199657418	176118608
279808104	290825183
265947344	67157048
250972418	239018592
271747331	260102125
181176603	26286834
115116351	78380070	19266805
171018581	250347095
243665250	106436455
126388656	120865928
130870355	37273978
240093574	133958135	191392535	201685969
271078279	15753176
159615535	241821529
91064892	299222226
172034640	140481695
257722998	290742465	290893972
184191672	172829249
265456405	218526141
196348779	16799876
83495803	158539815
97225655	21414692
264571867	27770923
296291342	46408722
151555179	66777642
284920942	284469755	281420516
279284875	269117265
35884219	284617130
235049881	288751232	278523614	250557755	207439182	233468660	233871554
205720927	180726111
28904807	21812003
102444282	31496437
68292093	146174803	138065075
109710946	214317119
18452164	17259796
244811133	291464775
287772568	283255992
292032452	89841809	97591079	89839783
37943092	228892286
136089612	292085036
41127978	183825517
198217801	255765034	260283683
37230613	236160373
224202922	193719440
244912357	291888161
102797543	100947934
275164793	243056354
245535040	259368450
278958449	280172500
255431042	181803184
205394391	245551536
119444049	50556915
92410476	233332265
238490252	267557625	188962529
221496088	225670309
174920515	56774282
76123442	285704954	290247562	289608574	288002837	88715817	272350739
236524415	259412129
226569708	41627625
245498707	124193391
148662582	197764355
160502853	46922379
281801312	203510976
222827912	167193928
88015767	27093788
272046325	286873028	286506235
57251318	45246239
48426722	274746820
273520386	269983639
77132181	26344093
95033102	73658386
86972233	123311971
29300762	21704928
40015906	128483107
257395698	257431911	257392028
281352308	276950193	288746305
104896877	250620258
124600418	275683345	269818051	195350098
286824724	286965755
17570129	20544061
276732271	39078737
278637741	80111889	156587857	89810506	228430137	228424929	276516733
289135807	290780531
65969002	116105951
184040851	112900134
135595192	131649511
194747523	233562964
211590429	187021408
240557342	198651940
246521131	248665546
47553866	59226901
155853391	20588772
189898338	218295954
207658749	95484145
94150411	80389721
232244530	180768411
14757875	166616864
255332062	243048389	257038198	245713156	18593849
171122698	44330883
216932372	218021951
25010218	82821034
224075905	71771438
112992462	112890242
37875750	151198722	39758433
271622464	161693760
39821724	281283705
269361609	55079795
95265268	101804892
250618359	272000295
246161937	185499599
139469399	275112954
95134351	20344996
119251740	272928129
256451362	262922498
258253777	269924850
176530424	234276527
97788928	287957501	187254514	27735840	28146477	37336592
242426890	235646669
280863762	295252950
201139421	215472032
170119171	287787457
117712218	166560707
224435957	37610120
247526957	67197576
128394857	159001536
81503863	29976858
253306594	89735245
276277007	288052321
261891866	251652369
284272422	240011450
61581112	61709699	62054489
281159510	275147188
260679536	99155725
185804714	221532963	135017130
79439787	48846049
14755937	90064638
244754597	242764346
286042343	257402795
67676441	221639152
284029341	284232111
236005869	22735729	38698625	215866424
108374514	142926019
170732080	268473801
191458792	145382517	97725000	188462685
263367258	236026339
128068361	187555498
215518005	41364292	279177139
91382513	71383899
21536720	209689641	145317952	256082766	152087402	292388786	229197176	121507404	15825747	41373198	56401904	184775732	41732225	262792611	275542849	58588775	33257966	186538858	284911236
256256881	207893373
193735630	290932200	268433975
98249757	268057724
154381366	284855063
259959922	230252236
19530304	294875909
215493844	172049179
224079118	145773771
156380451	262379979	29610756
111947082	77942789
219065699	182537744
279883214	278414782
179285456	158889148
78589415	73382904
249197781	292768068
223358496	288967097
241708612	252804409
184921762	57764048
298331847	257471514
273494855	207180419
170372896	178337497
80359354	155077890
253800440	69721102
294220463	18342626
159985959	78134019	231530753	74266571
282109875	67100053	57876730	283250452	266703689
234926588	277379984
181252702	236399814	237007971
264614504	260147997	255860814
247973992	287271863
71021185	220469028	87378459
20296417	81614972
32125691	84775652
181678904	46682699
136819538	128995047
233911143	197345909	287870272
244353563	211948625
255570838	69663248
220813535	145661849	167403567
259306752	39073380	262263855
222704922	118770011
283969757	125526003
256881973	280897802
17418108	88814954	36365268
15381905	17399078
85014024	22245392	8837772
211269295	47176406
97645515	239677662
190396112	267766957
133576442	136149558	190084930
40548212	55723289
293156760	293543343
72142091	118872223	66308035
263403650	266848438
17184930	31215755
18004167	148950566
50116867	59796100
266680598	254439396
279558434	270150441	275633778
285653377	299830451
131512736	43692764	194831486
195114061	180834549
189281277	298531282	297977527
31078910	211722727	187401143
272415376	271748425
283130513	275279624
237877990	237818090
269360471	213695320	248373282
283277519	242718208	235143590	233457979	207318169
49167424	28394336
296336467	299464213	274798221	286200204	279296202	269350524	295703525	299112527	285730526	291223532	298055040	104272839	297482351	296341524	270751607	297025095
74202303	80731697
166854980	261012711	289517212
255757044	219211504
19643660	293032329	7758512
231943047	89341199	127014024	97148828
88358213	282328416
156155247	231916263
40501253	283786611	282852713
150650247	103288829
281132459	244646996	261657830	231673091
254885366	105375159
270802864	255936268
19620140	28287079
20135489	14901409
195739244	288572711
233029238	233040253
29179599	137767461	103083469	158140769	80936666
24493790	22092933	54829871
53591829	105109949
197521063	75202396	197505999	101215490
40880559	25512893
21244281	77131442	95996905
278609179	294461358	278103163	296320980	227325255	297544130	293370503	36878876
238469364	265364529	205113218
175018909	162342751
43434252	80544255	120847767
80186087	35151904
191971835	255731409	25844009
205129881	212877864	281898118
260653846	236017518
155173786	180178250
216173393	255763741
269694744	289326079	184668924
20720050	81868526
87633429	278858764	98534591	22170599	23599058	160145169	16524970	37480981	34182610	27263873	26543357	204045425	78693483	20565223	130595853	175885922	22023095
15239704	44867797	58065133	81559032	129426263	86293126	40955607	15700516
18826506	90095268
153699649	288222781
80071570	100291171
211699264	222717139
268584527	243860484
282183754	279923502	282187296
85411942	137552381
259633600	111102189	111102638
240175415	242258746	295588503	294760492	295123257
227626727	260630485
22563248	92329503
25494869	39321602
269240947	269849345	269867743	269516181	269504251	269479572
54314660	239057603	20756285	287874737	74258683	106751174	217422772	71243530	257445049	13624012	282599886	24230414	151676319	21584309	19900911	183956303	204102412
269662070	216130446
20892877	287789394
134606826	299065805	216616564
266041229	266988728
195743385	226786401
52399622	104287920	104288452	236125400
148524768	269893520
282775323	293720678
219598648	189255854
206664646	287361011
38064090	60756001	50446092
229527568	260113152	289814910
270035616	46538427	193365708	27148095	228475761	298345264	291063726	287524925	58300737	70314179
81613079	140292688
299258179	19616686
18370933	289012268	131864427	121732349
256477888	257228519	255709701	254779789
108974669	284912709	53239272
263869272	49180546
247844333	276101082
117986549	291549870
275784944	93394651	33411681	126536133
299488840	291563417	246538792
177657603	30730011
278058914	292007385
178575470	197430638
132975356	247099946	66800933	233955145	33625572	25122967	29739300	29499545	38689259	235261220
26436639	116608942
78305539	197098640
186758071	187109617
130734560	284784917
216259084	57552064
262363704	270563918
234412700	140894203
295852832	283108794
63789966	264375374
282114479	78370680	288428487	299378088	30530568	291382644	24307224	32765960	184345658	30373926	26337186
160714593	288370030
162799098	77945952	41543940
237165747	55636401	119495909
261741864	285420192
98078761	98360821	32962666
275078724	279273788
111664768	106744210	94053768	103408499
250044335	30630900
125984770	261769064
71786515	164593720	271827010	253935911	200045649
23322807	108895902
208986330	248564892
24699302	32322378
94949450	297701705
200401436	39333230
158491217	127854398
15115709	20399112	20576754
270591443	65435106
214623087	291714179	222495024	227169926	15702215	289530522
38429586	206155932
170397876	197848536
247719055	115853319	236720537
141344841	272134001
173644912	157312396	36018572
188590700	149010978
279438902	279441059
243033758	204173156
295534745	295539101
61794487	98396851
253717006	31419279
124351321	10218062	14189914	44350195	20833217
15298303	21184601	62480401	252176689	222035170	220969862	19506898	186125373	179618904	177675475	164850401	118662496	72934914	37772766	21270239	21394394	20039434	16804482	21106868	80291006	194286514	19922979	20683332
190047726	290204018
167715141	140294559	102622315	176389461	210119183	236409793	181176621	200033412	175999744	71024401	100228524	206031562	161201768	108638509	202224735	115619942	177033611	115854062	79166425	182864865	196884822	59755648	139141495	105092929	241402741	130411500	87185959	103204953	25053295	182244270	103268259	186710707	94753270	79461066
275737598	272665188	269578072	287953703	238981260	202796591	149330508	257554822	253301082	277275471	274034138
37343734	24195124	23030857	75293916	168902385
286888502	278264622
289236834	38647382	78914580	35696515	152835133	204246271	84793746	188709616	96361943	127924292	157249625	141442789	38608573	83322981	295739009	289154904	138416312	205734188	253980983	143384905	141910059	133277240	70831086	62991860	150663592	296092420
288182319	288184200	288182356	288182484	288182304	277948953	277948732	288183075	277947623	288183014	277946519	288182883	277942223	277942176	291925502	288182579
23031314	273767814	31050767	272773981	244197248	26946770	283762040	282754584	98070886	20720566	143998788	25612466	35810766	114961395	59575386	256802118	156758067	33286021	54333131	263398871	68901365	46964599	251006719	38093394	49874102	132447522	49672856	244732474	87506684	31615326	137618389	59959483	139317883	174150385	279629091	183356200	261071172	48820780	159701922	91728353
239660832	291582189
296513481	294326482
275144113	269485704	104198151	280127810	286814264
171995277	249541807	229465115
77132351	110037213	92808127
167644447	169418174
270363229	268078149
12369372	7514802	92423860
89879578	116431751
232617028	235665105
293879418	272668961
193885429	285421035
248280359	115341989
34207057	33141260
210477753	95765914	187059097	295633719	249397260	231051285	92732341	201355203	173164093	215130112	255505518	239824549	212437713	193283082	229558377	229707516	73385420	228907258	213038255	195984116	112837297	182808253	196736760	273637079	236448864	240056000	66407764	257120901	209797766	231824650	232415685	228523183	214224038	227355633	136260262	51905927	116424855	107451803	92739415	153028140	39519209	173114030	246787695	190614071	104150555	35462672	239749259	213099986	64765042	136361362	16908192	50032977	67906703	82939864	156296460	67486800	115365231	65805251	63668337	48145433	203404600	30491232	30206900	62911820	68768950	171954276	130264866	60115502	40009793	69657852	69194036	40489804	42131117	46161244	30799245	54034663	51082513	45228392	33667104	48188163	54724422	61639225	53767179	89585633	71010281	152413701	137664064	41582806	117582420	83370032	156033986	182344458	180377965	195951183	221713309	216223472	211625583	18616693	175078682	78599906	51751990	57047512	48341663	66157012	48586907	108116518	39176164	194353375	193406144	185036088	94132505	282813007	65828404	106156762	85130935	168805413	85107714	118473496	70378500	132227992	60126376	211578625	158752876	88267424	106402115	164658561	268972923	252859120	250115788
242613881	79449809
109770494	168019789
230029127	229919051	230500301
16279888	40794318
142997487	280881854
260929689	166929196
24902013	240560574
74754479	282741723	282209406
52851821	163576485	42445399	277134749	41632058
255081921	210008742	14155773
219124861	254597062
254732768	258118608
21789558	21006031	16560268	49752254	63552977	157817059	164036130	137514360	37784471	45693256	21560778	33525283	16131779	26295516	19906047	23960307	97236597	20502989	92712288	16025196	19905827	17116323	39710305	20974764	18733292	23581361	45517572	20870595	30939776
232815609	201486909
127675076	292125740	298655891	48156932
191593844	281510060
122873671	261946744	46534542	240555371
123665973	131004198	114783445	127461429	96260702	25972145	132490327	30821843	128040472	102248862	91007955	122267982	133571865	114282969	114186774	131468355	112887751	124814026	120440914	86951348	113969894	128042628	125471397	127452782	132769505	130135136	128171053	120385965	68302376	128180729	98820569	76507433	133165604	137045892	102075244	39606306	132854541	114348676	55465400	45638637	131458947	38425376
246447683	73236447
89323645	33027449	289445453	25785547	244214945	143970746	15161083	27093837	238330277	22113076	17061407	15165545	20130283	16990483	32387104	232551819	24135515	22341326	137916886	30270607	23135113	26771859	21070806	154632162	24996397	114638497	27480483	18180867	24267938	16361260	20026707	69816393	83739980	24477141	64804202	44483860	19521760	21681670	25831882	116104419	253077624	145282360	134209912	125166338	30337968	265149921	65690517	248010712	17912261	34951303	135842820	14371692	246072122	60931514	16562280	69056079	19936809	95532556	131216452	19712163	237380081	264449915	74831805	37041038	13480052	15314344	15936780	138554295	11741922	18295379	165587491	28617071	130030651	231220214	23274401	85893872	269993383	265793599	145334298	136027650	21469681	54368387	220173122	213309792	41517881	758065	14192885	46010390	46206701	21237335	97062308	45976653	145527875	9079872	179394382	90791594	19939807	103320560	15075834	47352247	15042218	67358482	15795740	74220850	253939856	127727619	73434338	87164994	18149478	105840677	105992707	102569325	48377326	56922905	74570646	59629955	57947523	76343004	65095520	49841105	121623066	22025685	18692548	28207700	14665295	36010184	20697914	130417324	86176450	133432583	108132390	20611433	132680990	16598767	87105499	18612574	18817387	950331	14639051	1948021	246648928	279241523	4243691	7832862	235456061	13157	46702464	6372442	82894675	79082120	56044824	178080646	97721242	68899650	143979340	20210728	101598161	15445612	53255308	78705797	17540715	14299285	14751786	41394366	17134433	2797681	14632175	206418701	64288507	158184487	74300447	138635907	22325824	152458611	16902782	41020404	89264878	14633947	40264104	49647670	28508185	23910657	17217909	15577078	42131366	22044715	45767367	47183832	33609131	18020652	17978336	50849774	49853779	34545952	81952244	73182664	41673876	137833681	31547129	30302477	102123266	22880352	22947605	17269999	17761074	26664635	28744419	30475056	7547542	126381357	81162584	248922402	168804531	233624030	2030101	59540932	69459319	18278452	19409036	92070775	47421079	176456555	15627217	45504178	14861600	12511262	29931508	19929696	25085215	14393667	17296920	18328234	32176216	20542266	103951773	85749383	8073492	22455774	191987332	15371971	274681499	197502386	218571357	17951583	187729145	59335961	1968231	17048030	88063839	176469801	132086033	17899854	145295493	123918234	83742788	88003072	20004697	83991158	14166358	21770169	14245420	46052637	14353724	19642012	988491	55362800	40073004	21801569	61321086	27932116	138909804	161334185	70401836	20584700	225206029	25803687	52098763	24712664	25525009	18385161	36316251	21668930	226504897	111689042	111682573	171258120	151607765	150766555	130569982	69941209	89755963	17247291	51319365	25684408	17172236	59390650	14477293	16291328	189394047	111409800	294751681	40964406	15042031	55375464	1698261	46145221	14735970	53575510	15028216	7234292	8362632	14580698	156024285	122491827	98165955	78198330	9507822	71464471	12926392	73916329	13748412	45871849	14246929	23916513	5725812	18203323	20722867	10643582	84960499	48408503	132743624	128096862	39525887	115140241	14167912	54997065	14862943	18432029	280603187	15112369	30318395	65293007	84123196	134241989	92216823	16329605	60998136	19416807	225267783	92597889	12241752	17553397	18755206	16820748	8937802	245679198	58517764	14528814	240771643	138744796	250262569	229525225	233594245	191630210	130377151	51339828	22687255	131918384	37735136	50386100	76188971	14457848	188919725	18202872	191677847	202032533	55865673	11134232	262779261	15489587	230869825	100872936	15458044	52242340	12309692	206283304	7983462	12808252	32474783	62601788	23787789	159593711	49030760	195784547	78166576	34082562	22527375	281541767	16175465	33977971	26441581	19845724	247387633	20931452	244255841	37196528	171172872	75317028	3066401	15424125	48285448	49139550	46327154	74218428	159859409	89282042	781053	61301637	26578736	6088732	27978407	14982263	53513591	31767265	11692002	18542875	290742573	132053482	46235614	222550262	43186419
274825141	290179239	120386656
179363158	240548711	235776787	266467078	222033183	262633073	226516212	267285785	179336308	250742767	241784926	67627808	162799786	233881697	234328643	210138119	240616219	219222136	258241497	128021243	67235899	123367413	48230321	78166688	276197118	253587191	52985123	287260008	277737135	281876939	299167359	40227424	178773622	101608879	148139366	270101666	184216728	183200711	14936973	24301933	20936785	21620816	133064721	255027047	290155280	245819108	31024591	197387649	281792725	276751819	272425995	142211921	242353702	262415857	27550615	39707470	261022472	270754406	265216512	234217972	193815468	224890934	258498398	93642510	202866365	291888690	150953504	91938295	272883178	213114324	34868950	286292534	175886150	192470327	260562123	63486497	277044273	93903856	257776471	153990777	47110722	125426233	45078956	255251595	261577110	297719929	244229129	298486214	130776894	299284424	254269376	250428801	21943954	30266970	276177849	172669182	15717686	143167027	278713559	196236471	238802061	16016324	126997518	231035395	102862335	15291371	46781366	26413377	25250176	253285231	25415120	236016322	275042815	225202652	77451738	136278940	199817163	296510178	14176558	97603821	211538032	134641153	266260600	99356007	288182247	152686268	141019410	54639006	110218738	255741392	277237178	50389576	255053154	248374107	17597313	228740320	53071040	268471807	268520516	264850432	233819085	246074307	273605875	270322556	290278238	163498789	211995404	194726648	222007131	277400243	248335015	38947465	234695320	31541884	270863455	138103284	242792859	279451034	66963610	269700627	216057880	264914962	106055629	151635897	258449733	258328340	283789046	97437420	294602449	272882064	292433281	220579287	279070104	225920392	229983550	140566735	253280836	117531690	245876924	218565491	289962206	163302920	202130591	59687990	218008400	235670894	179656756	211108660	58886953	266519253	238371518	219529917	135086780	121356940	195117682	31524923	30589533	89506339	171524596	240861670	100254149	260260322	109632945	234111329	267287630	248791313	228868164	179683387	167886878	212777319	212774371	212779034	29900796	197935044	145899459	270548912	277692275	165365687	230244118	277495534	251281050	237159725	153567780	189731523	233620183	36176859	40141183	239141138	225995038	229966976	232242526	233442593	237411682	286324631	266340002	239227438	238201662	41969657	269601861	151262949	238371114	237010612	188529045	238470369	238138152	238320117	64131906	230929931	109696486	247021537	49937478	238256017	238811229	234909739	127361132	237055806	186910286	35319540	166051454	25511232	41402207	223387882	223660247	117817723	137239420	217603906	229681872	237972926	225231332	52575353	155498579	230359892	115272037	156563478	237826546	238038889	243937831	188578444	229722651	144586958	84891522	236901650	148428928	258071573	240416879	75294314	243858805	145669699	268287527	195280418	49561110	40910315	268516781	41663910	51264933	66305383	225097764	49691985	268636489	268877132	37076276	296842460	97762517	191684563	261897355	292240314	170773275	18627463	26601167	154876782	276375901	254897453	233879864	233880116	154251652	68762143	250329588	227686818	277789089	294599064	256129427	123386210	26947037	258685237	149272862	226015404	247931824	296425604	292730818	205699645	52267329	17807191	133455494	279278555	66242975	206485192	173792873	267618579	21277499	210797195	268106289	219215269	284145172	278894395	114505034	276804922	17881632	265958627	92353661	212703732	248184355	258913399	213840716	112243618	266023796	141407033	158396134	217428725	185905863	232993470	239274347	268931259	216773226	252830737	190984707	38646243	28504806	70758716	168243500	116371692	130658477	286645609	253177963	214020142	73183265	245936157	252784597	130953113	251768706	21442415	158216035	30715728	297152328	170018765	88288927	218771072	125542544	280014253	272502486	284634456	62008629	70363179	67471504	187313436	41764569	138729934	134470848	157691007	268315764	225487947	173321244	24423451	67396573	55071477	18936318	274344919	51227594	120269766	291777441	286397897	203697021	275520660	246426482	284535664	145312558	267987740	63154894	281914058	279283484	22620832	255896217	217231091	161558975	244928510	230337083	177482285	79014438	34615724	216410629	294653485	114010546	26945966	253536588	231403915	148822114	296503772	241654019	180398364	242428183	207497485	270692186	201776154	281651301	175324265	211298360	208826717	254787941	178005988	198158307	286989303	288663492	23209904	257104882	163440469	50407290	276281767	164636523	265889623	95356552	84158248	190818076	18523886	292857579	65414822	193996446	271132224	200141947	245638606	233448852	289282110	288771397	279397955	291001461	267789713	218628265	274695740	77026097	36808015	155360134	259442221	261465300	253076984	32743135	183510139	155690100	290287804	59379284	275194949	181951323	180704762	80319659	60766775	280798237	173417494	39655247	283067258	284763053	295968970	70329259	234660718	258317100	47194795	167904708	230433424	68002439	107029107	265658941	33432074	42607080	24216992	267690417	239477028	75800847	52306188	61217699	33399821	296510200	105869356	38936836	249633492	63251758	40575168	236480782	186687661	76232873	165159077	239313023	216473701	238198884	277323854	33267789	230432821	157032500	18587686	30744600	23863309	263744026	219127768	44670908	225910711	40000286	268083087	272975165	188718956	291086173	138714947	74686270	72305091	295954768	133723917	220241490	232234573	262676023	40279602	55352848	61581679	287808078	261850905	39919046	213884286	37625213	101326169	274591627	129941316	48602390	172095803	124493036	229514411	131128371	133602436	189144194	256016779	281406413	189979137	253074380	244915138	265890283	64258119	282827711	258841526	210824956	275356537	263560054	272636768	170694293	276627753	18085587	241079632	77590445	33802023	258955022	241584542	136139080	177732896	282857728	46368871	280664490	160131053	198777633	23140754	226406603	148674007	273627988	283101439	275531303	220949685	190744334	19201965	221190934	126655237	270692137	253336287	19631841	141531866	38705872	113908385	270867243	73667450	253108932	268634008	218176154	266574453	265891073	252611002	226086870	253410858	271260247	234658379	221059653	219716158	182201433	50480849	267394741	56995582	36711067	245701101	225122765	194353598	283340531	177658268	268048800	277993882	89758074	253073759	72915155	27279542	252689802	30419390	240886519	232481786	172823732	96531561	24582350	204576960	243898539	187439268	162797731	261757058	128908497	20551782	191227071	95787108	234745529	254482502	266568735	277726631	19503040	15734715	286267288	294262674	270309169	19197471	19916542	14915349	97455022	17556990	37021660	18531802	20895018	38508294	241276588	251779197	266459216	264259277	19535531	221877876	245929538	34706965	271619599	252286414	196875699	106829230	292296108	284284172	228553720	111415667	97130164	46372265	67850625	229197996	18085871	23467432	283824700	186253277	57159237	101520756	47352185	87627091	282210736	115807517	271778689	261724374	277943534	231806178	19043536	109731984	84837346	42181964	106371314	105921204	106109827	73586562	92904647	108532926	131142841	282989733	156996724	291607637	127472687	101208938	118623234	70816752	63139323	102994905	269292502	147762672	248383580	144459145	175842109	105398963	146638393	281694341	83580749	205842064	45909893	169688690	70038386	229342999	172841494	254390907	255060874	206210388	84939658	287112159	208782614	272884920	104255355	172428346	203940289	210481215	141536444	178403701	115420959	175346568	298572426	174438039	168177114	204247826	74750877	18316082	70947601	252809987	192320229	270892841	36147892	73530475	257266288	169090401	234525220	28726898	17590261	251269621	186036739	39195113	49453127	119640486	252449181	62132626	273355148	181080459	140972412	140841304	264081721	220041518	155717932	272562985	274481866	276227872	258019615	63568291	207622376	54202576	14422200	246157402	17924123	160895052	240029758	253201236	206311245	268591725	85438584	265776635	244626305	271438483	271442056	217864191	184291285	62702242	212078528	283971505	82597873	203337030	136187792	81465217	32247614	145198908	231444266	40636201	106237684	270864108	279416495	218959487	78679677	17272416	221086308	45354575	113249863	250386358	259305320	286813447	126979610	276303377	216337924	46042572	24415685	15502719	123505993	218847115	19238188	238158385	257625372	223677717	235212050	215878927	263559038	60984503	276480541	235572386	198782142	204156093	189500524	42699872	147131487	78679120	81529909	153881632	201919479	297899857	254504128	169760617	134287698	273441662	60001247	253856719	236194755	103953153	272479505	284819342	77597625	129980232	150506383	295832442	183818037	97061691	203492128	208505626	259622038	140643083	169256408	19958528	37817079	17238769	16504491	25652849	266996445	117757732	247827106	22776462	221022853	190777967	263916133	83919290	112659028	78758947	199377327	235178492	135596528	120588774	244615651	115862605	63506862	104237445	37849468	229534779	274550872	181761341	75611716	230050560	192743746	105125575	44206247	277334786	253489097	278071249	150967023	278703171	276887659	276305769	278918642	277350568	199177709	291407994	71272569	259786825	281740766	296120440	285935663	26904617	258639910	241764387	263912856	131605040	18383106	25770408	217634501	250691029	142300344	40986739	57005769	16232940	73099646	55062129	12094002	16259228	20439040	80775147	278988722	238192529	268037100	29644437	98469758	48957305	51424232	272140109	156337994	257623872	169051956	280201001	266241805	141776510	253739634	88213232	114788068	265508474	120542840	266929855	177374903	156060805	97822240	278857396	250480306	16713389	270922198	223217313	16090767	265782924	119932549	19554479	249267825	265113586	257742898	278267485	196511304	153486890	271222307	271123979	37815814	175801856	233997820	291849781	212325008	264058984	99320365	106473934	156665333	283137619	289679593	270750178	16586999	57971253	272055157	287848057	267958598	61061460	25111462	81692131	225641928	15019740	266829966	194446204	231675969	225427699	97748394	271582630	224069027	57221107	176915859	149357969	273732649	136050107	267234996	273286518	273293450	273295704	281806192	193364199	56526121	137495843	46466286	25560284	186974409	160221790	222430358	103072089	273303656	223544454	275602455	66334824	284104210	176620649	184152348	194085992	232195170	198902877	204357817	111739981	71965935	136396265	63256001	22685539	143623229	103817109	146160168	237044239	43676099	267347384	43500827	235859837	275743732	18743464	5440492	130188263	255591392	201622459	273301314	54716366	38011830	72348502	264537008	279937958	52888479	23626367	31590081	24122822	15496979	51536890	26533325	26283035	26539771	26570355	16544774	17007478	18534648	22099444	23490526	13301982	24485362	15813774	114016995	160269171	39153049	212366674	252740425	245492534	132547388	292553528	293016213	14101292	292365592	128530184	4495931	294037148	226343669	290964269	94708252	42811653	117903578	160097143	278624499	167396467	282569232	276342116	254465494	298988959	142738172	61768435	270893793	210043600	155703535	29281773	269640224	268809442	75622571	170224835	50111363	201172323	258740810	258600718	75954105	234767753	227818752	131297469	274805544	186227073	263614571	16853793	155812513	92340896	81557790	49547049	38830313	24828959	33957990	95434558	35779283	77485367	39200048	92296639	24659373	92341994	92304875	37386050	72212786	96895970	88196346	87931549	90420223	244049812	248677008	246986221	183763586	211910762	271024761	28377715	35747339	272990822	96109157	152732260	74842713	158663247	172556868	29955904	105215509	57639456	23667170	282821131	293082540	228196869	28038571	257819117	255001051	214598104	290007543	290002921	291352362	119079611	270747434	284942731	232990231	267092426	195802561	150438330	296979433	227147989	263918186	290477976	287394259	135331478	30778959	36785207	266581554	294897170	196084126	178913682	293164685	266205436	178744253	263783214	127576812	168180097	210534778	204472690	132481392	24772934	81985859	201720107	161087778	230320854	24772868	236224813	193834605	221602364	111083759	70373761	242647203	96487351	267780239	208371779	231178306	238394455	45430427	154370112	241991735	279871542	102136965	32277218	275576641	199497384	88308083	204955692	166494247	147354371	42132477	273106604	280925885	280894734	41200574	260509316	294661381	232555866	245542547	242691064	45285656	93487121	145293229	28547968	273897180	166606220	13286872	160497673	165583353	238877233	142386187	73986605	84045446	23128820	115394074	121275000	283153009	226298493	176465197	239194378	27271640	224385752	18772703	15576494	86549560	80530081	108311216	178456248	23224410	175008261	18534287	35520133	230770866	6100262	253447210	250621937	103370206	91828665	147529352	19737457	228748978	14851072	189795315	22314140	226905388	17203389	239333526	63923717	247811779	101608650	25344447	20305359	167954464	30150653	28126957	15327488	285644430	277944246	166835776	37920064	56116936	85073428	107699204	276488108	175010693	103682304	154954161	215683551	262454764	281876899	24055334	281884783	19331859	90477623	246747792	15838676	168064471	240465152	190032816	78848921	233221072	28896284	122477497	181410053	32210500	218809097	278407683	14720411	73596250	25393674	22577042	15826025	153358597	227547775	114370570	28226960	22592596	211374306	764284	73642113	66951419	14154581	270168439	258571372	76265830	15695531	249932267	218786296	178074070	244026565	48575693	47481699	287049757	17273511	245822000	48566404	251134798	15399951	46448967	24601244	150069779	277607032	271014266	134179360	14550649	52085836	215156192	82140019	120083514	135456764	119362627	248898848	253573328	14425899	16312422	201972120	104238833	39302767	148490111	284257080	28391808	236336123	215119502	21289631	200891132	110236748	273771404	259058612	142240720	218581446	267032166	20738338	48293256	91068791	193904038	230570269	67979943	236320042	283227706	113422725	246097212	228656568	283068043	231612418	251967917	35033741	69331776	119329846	186320041	281821301	25503051	139077598	44446489	167555307	240586538	233858892	237193691	130876440	201002448	71799841	23978832	84884496	179672920	53762309	206756995	193514027	76799248	241174612	236366079	16381764	16496431	58156435	166842821	74228031	239332468	18341430	58881671	219196973	108882851	267030285	196491175	190804002	15410334	128222457	217798695	174742258	174952345	213752101	221404187	259579119	4864171	28911707	19520006	45406292	238856347	76539435	229391604	172740181	16702542	174556764	169114388	110629688	62415418	212374312	200251856	32145253	153051051	151887268	153013137	260099783	260615667	159853609	177501889	17051720	195692346	15353236	164488114	204380780	215859989	224455014	114710528	202075612	237192634	259178202	246899999	264228769	264228601	264228964	264229483	264229646	31173072	22218217	256670843	218495582	264225324	755332	34425171	54039049	38267516	106088515	37230804	257762563	235313451	178024623	155104304	221735745	19691332	41446355	93080678	233758745	46381467	216304271	252831728	90905825	24533117	61186808	19181549	16175706	110798738	23774237	152389419	35563232	62963756	189628998	104531609	14279799	69938917	205896530	221931304	256159400	45780869	23815533	233218414	73465491	45757816	124167390	220502693	139942110	166332252	131996058	203190474	120500211	173768022	240749260	176315712	121380217	198860492	66902559	213277302	45954805	171815550	89188671	15184942	232445524	140966649	161784103	63861876	207210547	239441901	18830716	81921126	260627531	210185175	19354734	40212561	218307326	48358732	20385597	27948230	197933698	36268289	64194057	158262091	173103598	259258282	150852532	244659393	207924244	24584832	175116860	165083973	247904374	19511386	19468555	23800007	223540054	110892019	231535622	27206171	166584190	170383197	15654124	181153212	99412732	28331414	30546177	234916113	22947128	158173309	127030142	188865006	249350329	174748955	113289939	175054545	81443372	48688681	217058692	253571743	227073195	110017972	43237308	17831966	57627428	151635513	245017603	183926085	91609427	165934453	96387764	111085636	49718612	202517387	227029460	216335851	87321877	218062879	128388590	174537699	15366620	166728123	212328041	172907032	78257206	106877921	212201802	105894492	48935222	166839611	45186617	101826941	37199631	219615193	25253084	132456910	17180274	214863110	185481670	5338802	180796465	140216501	100281735	182345402	153136930	204438455	229675551	145618951	256306024	218587125	198775704	86870200	148587486	102265442	24583357	47133874	247357423	55628431	178637146	31363700	182786166	220674973	171814090	125525687	103636197	146518263	16098881	135533699	248510024	245002421	146491026	21057434	108710233	247841740	236650532	253467963	224540431	41792496	251556226	88321965	196694457	232672289	181829027	90568911	165393411	43600056	102875620	252890019	12566322	39591754	196668969	133394204	34456417	192820316	123065621	104026989	69211707	195545956	150550977	251160928	251169043	75051887	7216862	38925280	51908250	16715586	35767916	221264076	139598867	85742782	20352504	17420951	214858544	216985673	142548196	207576682	15747743	24461721	18282606	181120728	250973539	201518860	157623929	51425907	22249787	179881686	157385656	121437473	245731917	228009648	106949905	22972326	209416396	192236628	231341982	58149795	112970794	40016029	240201200	224742805	65665199	190586896	171709481	200057463	243694049	105961520	33279602	168889886	54043723	133967797	56991633	36336240	224760049	92579928	46702589	18577206	30898870	73909215	16289622	97383592	36719360	135348838	67310480	240869487	237637285	94579136	96021378	236357075	90376008	172668196	77537340	142705767	60060256	79162998	147817117	66001746	114685098	54877998	167035309	124788162	66120377	241646070	159522228	121265741	133544428	184453159	196498500	230363570	176760867	69187979	108230496	219640810	109649657	19618046	119286553	45930775	18983594	113709253	90137051	202720442	235313423	21158514	221924226	129529866	37635895	147521437	153295926	111287493	208703350	27133654	131223907	7288532	77725938	121089646	125331429	74153376	216617946	91137860	105860187	117272475	116049408	155849013	58444757	61503837	20509988	230335428	147499260	23174261	172905546	125260918	125376335	121341257	124395088	166073644	210994920	84855892	85067587	222821205	203482564	24703871	207617945	59786309	125178711	58044082	86836975	212163769	68783084	15958265	5683952	227111237	109147851	13314262	50815971	73870528	59111213	28896913	196524577	187336790	11316072	17008328	118331440	162614580	89642805	73866510	116398989	17163118	13396002	183078267	103550181	105766812	126570375	216451183	16090230	16248319	127027113	192332269	162087400	154906588	85302020	62998807	175583831	15274836	161480745	15785068	174262638	57594251	168554312	168943315	53504161	68999559	156819648	108456596	136979179	88716606	159331541	123480455	111183391	88906360	158035174	110391827	78447199	124619617	99008280	88618493	90723985	156702973	71202900	193979110	136444107	19022242	126235134	169025363	149338248	131416284	112328242	188149007	222376814	27555129	172250034	192447160	64671102	122713223	108299296	169822690	134457542	18560429	145165527	113784913	72049431	122940351	120315834	162965189	126595195	155540406	108808407	89962495	118028227	132377834	15589593	121239864	51096590	103814361	202261677	112588866	278433933	47120401	202938733	137797144	184502975	102443075	22150628	179919296	27059308	108107355	217773860	92949213	127553107	38527309	30135051	225615620	113365712	185437031	87369180	25707034	145013337	135772684	208703812	39398286	161986051	175954697	40838211	146358409	22878627	149536802	167613805	75560406	138234621	85066711	19572710	40100158	127448134	240514602	157314364	232116346	140290664	196161118	185738219	25169797	204189223	161524303	212005766	168424949	286135395	44299839	16261638	223521733	149438912	116583861	125742945	247049883	103718492	15279235	253123330	211826816	96307231	60135303	70405208	195219729	59879180	16665065	25965585	38186171	63047330	177580692	21777919	221057424	164453678	238521117	176187989	98378632	20857912	70774194	49998367	172006745	158104132	82968508	208122157	198728250	102175852	33420178	66763589	17045349	85983397	116568966	25012316	49443008	111056402	37070277	278286871	69279124	194618632	161550471	152143338	230700879	29775116	214414669	43740591	191333389	273405471	89650589	126754289	52117188	237482881	18978029	18513873	267903942	227548005	34865747	268427454	73652284	35293850	79929688	184796031	213949100	243778871	25197389	190291060	145889187	159140375	189881826	166188695	233736173	97122417	174583794	173012373	44568726	203869742	152188983	219583515	133666845	22233470	16527807	134505123	95740429	115827236	16469836	48320268	51446354	82943797	17709126	236316629	231180805	117040707	126550256	16554602	20516393	163954295	209944791	163835030	74236674	229688900	261080693	68207242	112008880	64293519	109995803	17347401	67201027	101846626	229669544	246490109	236318007	136844568	127627667	190155842	28841598	220731530	60744074	140930488	87271819	96308224	203160584	31694588	93677149	148404566	211113794	143708803	18526946	247405141	241205936	15749216	148495982	148891227	231711788	253066185	133907686	19758510	85008170	254475026	114467024	209140038	217447691	46380653	109646868	220781760	15680614	12611642	106888707	179392792	131832830	20071285	33778988	21458817	124324005	194973377	30841587	47577195	253275293	39412169	43384002	88265548	33769346	232591949	33718372	223860134	82112048	104849810	18244415	25447492	34552289	91071674	198521925	161828944	205993497	16272650	14255263	22276232	163077137	162813555	107755025	52689846	133759912	811182	148621762	150724714	97732250	17581780	69828121	2329211	42113866	85466408	128309401	211951235	39885951	47847576	60448573	163582516	41509482	150571601	206077141	17180464	134915079	162557157	15517179	67475592	42217478	214354733	151100153	89273858	143276180	165699129	219568154	138307343	164001103	25085425	102952315	37624494	112528043	39836499	67902518	140481262	122424857	18246994	20661527	15709626	217634502	15771146	119623806	87525822	16448975	98800107	16746457	37188645	68441960	83137581	78161896	16150075	25107510	15239379	154321161	99859136	218484652	18830590	28301633	141193556	123055515	30484294	80910249	21117572	73303965	30917871	33370627	223234065	14069199	53443633	55882303	149728124	32632622	15819550	15187867	194975337	81037598	123869141	181529455	178798113	178945673	147015499	162586724	174578384	166467392	162354526	193062697	166068822	194340931	111966379	215411520	214253906	9654112	222244547	55434962	201985209	14389132	17927796	207804052	82154425	226338352	159996321	28031609	19877600	130925204	140054591	18722739	124942059	217615071	23154642	139219463	235192963	248041053	171816357	163488859	216170279	20732140	39697114	52192860	154708805	40634780	41383510	81635578	15887107	212999488	103457965	99192735	79716858	113350301	242477546	117943004	170279558	82107028	77844168	73194353	199288584	38748814	95354168	96225975	278075705	65301439	21676255	108770142	220009809	44672556	43519478	18182511	65731445	43736176	212203440	89681407	92638580	91608553	231521520	94577861	114002312	42620867	70461418	77388250	193837982	68961444	213292822	61897928	27843766	128052201	109555412	18863927	18262412	6734842	283431510	33328619	109315020	75867439	109671957	93876749	55498215	15312244	48985524	83305575	124026753	85217129	22278135	272728540	273036415	275044789	127485405	15283659	110037951	83919094	253082769	19459879	241273903	126089692	117598657	115307222	58176322	47058619	98626008	15645871	138189465	130450463	144758508	85874302	107515742	70786565	90822161	18344958	110075098	107088004	145339195	147784384	142616932	40834740	65916042	21195279	29685149	130461262	226273650	235900641	81007441	17394257	202207002	96539028	19460869	18248717	46787956	140228770	118254135	129258460	89300184	20948569	157379461	26211291	268185500	47268291	27088105	108727303	183002498	221355188	16540406	24923319	30288492	116137268	32171034	84451942	239020684	12960302	70577914	182922474	164832803	132142503	176513467	152980686	194081516	110013129	29334542	142249428	144845095	25897762	253163497	51018366	84273114	141189815	18191358	204444105	246973066	123147423	18933832	152541525	29638506	44817367	130920525	5901712	14902331	18226744	18628014	151947729	140159652	191214979	211100119	197294343	110028306	213172552	19250651	43345252	180846682	156807569	240815071	211715597	113569165	239567034	25741062	30838378	166182349	65515751	128502388	121555245	174537366	195593127	181615129	222455660	233986555	186878273	16307887	218389868	174242939	179238287	141531948	53930475	28040404	30298574	25567025	26929655	112937151	250573286	40875741	200635706	184728988	173435015	153522798	228488953	34667149	222711637	161270244	14907491	110011487	14576237	206207919	211316220	229807541	185713684	156214500	230655639	233250372	217646045	73192963	184545722	71194640	195516360	37875744	1057211	218342409	192475655	77281504	70393730	118767202	133263044	174943194	106804211	236242567	219607670	228353784	119090147	37866934	242261902	146218190	17577944	110855805	176323782	90615766	20974444	17707340	22168877	218443543	216797481	139799049	159567636	48694687	90050292	14382508	70652931	122182044	154090353	100306569	101774101	96030303	16360046	179302942	144221600	220250862	72664611	182994651	108222134	288742634	275767262	294320147	274585581	293999967	293266191	273804276	90771536	218871612	285330617	278279134	205697105	274693925	260548440	158182558	224420125	244384140	219211895	157323579	250193951	192210863	211968286	125209408	213980153	219187105	93342496	237201702	249688729	178632769	183520136	250921463	201572741	246897405	245709537	183558558	206600464	172223222	211012538	243554611	117695576	242238929	161345564	135873051	218725289	228649818	168892721	51295101	64985416	195585001	204604392	190271969	216600826	141088365	173322542	130054954	202534025	185111605	218384243	219172881	215460158	43085536	59833695	145438389	105982974	48256675	176639051	161995803	147850809	144002737	223838495	153795037	250047152	279886870	14549601	221611130	34731437	43415867	167916819	223944770	19386316	144433643	113426238	26767496	255335838	292442607	286174371	132813968	33637010	220612899	285586028	285589265	274176272	69991836	109267587	272858608	22499748	19251173	286210861	288640756	264651857	172518762	106986200	24357784	123527285	269333792	229998097	193700932	37891626	278101954	18944002	148273080	280573743	278309682	281807105	226903950	220154589	40092662	158464885	279680162	99772708	20355327	169343758	283159910	257852300	266646752	35644266	111166747	76975713	200238372	24490977	267812692	198960270	267388683	112349592	215984579	103562281	125905975	267040623	188653090	227690699	25844989	155690761	218945146	110003059	233654398	284601167	280897154	270022001	138166083	91687712	117236393	221763828	272844647	245935781	262857305	116840879	259700309	54716721	281877860	277816015	215750398	224827646	241374255	152077137	16991573	281342330	183149630	19035414	158784506	55157836	125499204	275058548	277453620	258939764	131618902	253577941	269432426	268751434	257152117	259875956	278903957	18483871	49574454	18332827	129251758	253173699	173054275	66350411	55644350	86987686	171987844	196451074	25087375	278672559	280903573	63098617	252159274	42578945	23335196	21460496	242548236	90880057	232544514	194250445	14743399	155419475	15781511	82637549	253154360	116158687	207572271	163865499	249671462	59837805	144544314	139463313	263904615	109683613	131558610	23722620	68088973	253417202	260662343	50243276	250827654	232698881	276449734	27986846	195076362	261080613	248240711	27592816	145745218	272872453	58115899	111992715	154426206	230826096	124293284	141596145	249547150	81472868	229897407	135459066	121790377	64466442	210914028	258270440	230084629	225074361	242898397	143246389	131814892	31711836	265147982	18440603	23451393	206092608	148203617	268534428	266965118	89898365	177199569	144703041	265973988	130901870	262462381	56565606	255954147	41869227	245302645	240788905	264403423	197856900	14959062	88487331	255234537	253605055	154049101	236467649	219971079	265062616	81093422	183488790	24550277	19650336	9951012	253784340	160299382	155392675	226995027	197568834	241342338	17128168	25038378	92268831	253466612	256688681	89817371	87821664	262447391	161929941	136416672	131490551	181618108	262452978	151780795	238184383	179223479	231496926	259066705	23563077	23155186	41479790	192112733	82872332	261050540	186267784	52328456	106767958	255529014	52838971	91359149	242593597	75137401	254891284	226715102	180208145	243828120	160320450	256771166	212819784	253790243	240508658	222266163	139737918	236220927	4305181	247604780	143925094	198529080	227462101	67250285	15738051	18102609	237819356	16204513	204667402	245586089	16536215	112268544	162215239	124865767	90567665	241107020	19505248	160618655	245435554	230864090	130114448	243757297	160251111	226903778	109842604	216749418	21863969	133650541	241241199	244173814	111873330	204112896	229595546	74049344	71554346	112043840	43187880	16994294	109816851	215152095	29590631	238083548	244702046	240969195	10814652	199288125	101171750	44150150	243430977	188466891	138850778	238881018	180537089	209611255	238183057	137819099	20077917	172397445	36585780	47586577	209092806	185360645	238330905	154654719	215152896	227148192	194318885	101824385	170993010	126979461	236062428	90855891	234075525	78252817	190330120	208832791	224652858	173688441	185616252	234051687	60636147	197307520	196590443	28529492	216297730	232815475	112054875	16552434	194018286	59487814	93694951	204001816	232277708	26115585	225589249	231279877	213840810	18786414	22266175	69134006	32228471	88829709	183116779	85815563	222303570	185898103	222766988	82674452	99325018	224586292	229755160	126974144	144278051	4478671	37131258	212735287	224663292	144044604	194952025	134169586	222868542	123674947	223997605	174218335	217580744	210587185	221595383	25580091	218193050	214226162	85208280	79469151	218375995	72582404	101562495	149642749	212087722	215930358	18214064	20664195	128242129	16648092	165914992	81589067	41176869	193365349	159862634	212960357	12014232	192787848	118176817	24720357	203327299	48241519	108557610	113140942	128177017	217807697	146567120	18102838	71861590	13339612	16585234	109733784	168959288	215388979	24400109	193843789	59461030	21361003	52562647	59784455	108620454	19943712	182953616	180642274	212760731	22411342	22686121	114526862	141871365	192816051	158569424	121213242	94159667	195192761	34937511	150180833	70659614	71345831	185701545	197339592	70122463	27734857	179186077	30501319	12992802	199120161	122483372	41609235	157167528	54576963	210945999	16545201	180502956	145592392	156419312	139219549	191798980	23264968	56449724	139652305	17372877	31472479	160100757	178746702	23242687	82749796	9636172	193496588	68198959	68455250	56440764	204502943	202063776	173417868	174132004	21707592	157575913	163045573	59175800	47214110	184328970	63608165	125813855	168019325	162691514	190735363	185037211	125144536	48081908	131631249	64469814	49589129	20386807	171419439	156532150	163129038	113301765	149877159	20161260	25701822	162146576	50551561	113262317	105660982	62554155	98895260	39629037	17361295	16819278	215648207	74202957	20198692	26146763	18468289	205698762	146276390	277177661	36620048	57085197	253605543	18863315	222189121	231487811	283060914	38674410	273694730	137748124	28237934	235038418	280826651	115994571	152796619	254570141	262133756	240107194	143915397	220480938	220431525	281064236	181800245	72654160	135925296	82408973	229640409	144604423	218335286	16494185	206427518	263418901	244996792	220864686	177931290	110661938	69128532	262941202	35536649	240552704	253417134	267943271	52254968	198756585	14509799	160201625	126395181	261339594	82114725	261363415	269452085	258703106	267204632	65454620	246418321	27338439	201467713	245207780	252131561	269151123	245167786	214290096	41966080	255299770	36459796	262567364	218736394	70298048	45070836	69552155	238467136	113599185	66275971	30065257	90668001	199851600	180325138	247062249	224494683	261309723	227742685	16869706	246225226	25405104	21736486	23548317	67004059	244124554	16118540	176221810	198728663	130619386	26815053	43187253	24411254	213561826	216116140	192709407	257482364	46200951	245441630	100337872	79421723	256741424	253251582	43983294	207701117	87420093	114519184	18487616	245094866	231172585	248236680	241408691	23364134	222070101	112901384	48015450	254858221	53282345	227573958	244920664	72135569	212741622	223216332	113420566	230666679	40111238	248079724	247536014	176381502	19413210	222487886	250818782	249259023	248699925	237218871	228157976	141583940	214134376	31088235	14400462	18776265	238642818	215664016	217867024	84020674	165593389	222719082	16833565	245576093	235488090	167458004	243292079	240860601	19236410	207651479	54493958	202775609	174355307	200713835	50480950	38452209	135783478	168518969	44599309	182466358	123713942	176606975	110863694	35791250	26250653	240062530	180923086	109421808	175243922	215727652	16546592	190029832	229375142	234869209	41735526	194385770	80772489	235905598	236966503	197367130	237601265	25108160	28043298	187570007	86195878	124120438	61612087	222066389	14953865	163719196	219790225	26167227	41303263	181923189	190311526	199291612	42490169	231531422	178067675	135333691	204009697	172314205	199234560	165622582	137622383	29979745	17092592	230880692	139754706	15600217	173423429	169349605	119160384	230314512	183122633	23409111	227345744	75352925	134901189	220419374	168981399	123946752	19551112	141228627	176192916	75225190	69202755	144292064	182913603	16419972	48519073	196194188	32986693	216846549	123686892	178259738	147076635	174215784	136395153	178636787	73709018	136242193	29974662	153701942	208412408	177799600	174156674	199721895	218778335	156381381	46019128	142178719	45900404	194731554	153502840	90061525	35304880	216556124	214317355	185471343	27533944	188741470	160810275	18914588	96310973	175428211	208766410	52975488	209529382	14986811	180703009	79294815	197537426	101708609	212974171	154627779	154980142	51991431	206032828	177728250	39347994	199624094	206424745	88773980	195238719	189699247	208244830	183356424	201606133	152704702	198919393	26756907	171560458	204612455	204979872	166698317	106242514	203877330	63666884	8768362	191775910	192596554	70038682	81268720	196179849	46786678	58563936	177123704	53935864	202987541	118911439	33152117	178800781	141425658	193444732	186017221	72822155	120623454	186934738	125496330	142819858	182028739	196929450	169541626	189762800	93788450	53535365	193765894	182805726	182413103	184006519	134134994	189619885	192924844	90757646	190045978	137137080	183711737	128892306	18300375	20733757	16231382	20347670	157001967	43576064	15369494	72177909	95065346	112236965	178759755	117819670	168856719	182615740	37816418	186851958	121202735	116706360	74213298	171994605	162416946	115408976	39445023	78676597	144228580	19987632	22246661	178910335	176537097	57030599	107552437	17226172	58611693	188513041	105033246	75112612	159144566	184390623	78446884	179279593	91367687	182464464	148055679	175790482	185307442	185034391	33452988	18593357	105671287	175480284	137778051	65114836	27821980	168438308	176679557	142585230	130712230	11341332	167361946	20817660	141243524	180388186	171700937	16849540	176941396	104966264	42881936	50735431	30913162	138879924	27656345	64172089	108428530	174484593	131285394	115542883	33910678	56897225	132060019	165185762	151622176	154903257	170076481	176013108	90518657	99811835	101622374	167884287	170929426	120393696	100076980	147170929	28354730	75043815	18399603	105623556	60304834	20651510	85559499	167915369	58636825	14467906	128693996	133399454	36137793	58907673	159733859	28252297	10786382	68750803	164647761	141258205	165802132	22726779	111238218	37365001	18914991	33950438	145992466	15904829	20095125	34878640	32479521	71349991	44985787	167300672	160571589	154919846	163287729	109718108	146989565	97907584	166418150	152592854	117959648	14216754	54373903	108330554	41133366	158035467	27251729	97061484	20741831	121406942	97898613	139436379	89385774	13097772	18938135	154352321	72715220	16452610	71744940	155656644	111120412	28718981	23607882	138847948	154735094	159187123	89787930	29873873	136843972	79203723	54779857	125609708	110046331	146942419	27001746	58841458	149815436	140219717	19971154	35261530	96550754	5449422	17905825	28601983	72211543	90241873	98068625	144917033	8402052	20107560	59564726	107347146	9640552	81427357	29706808	128000940	11922532	104268179	101578775	20140706	36563254	15671604	76289403	17666684	44410726	49348697	123108323	119909797	18591276	57232451	133783310	134442686	123613381	22491695	137439295	24565047	18326854	19797083	68180020	26539097	133850490	89897561	109569992	62576224	38264157	69895721	126751243	9890492	14352156	128939654	18317022	110598205	54552565	15695513	115063033	17588271	31029484	68787968	45350509	14284888	125239422	22921836	23350990	15615814	39496172	122513445	65137221	83693427	86878273	38012474	51936157	95492394	29382965	41585174	1712831	21251519	26453625	117725951	78816575	75389679	19794509	71533670	23351136	15302447	67421391	38974790	91746138	89122015	80521098	71342524	35341639	75630518	33821288	27117464	35097742	11041822	46526663	40187188	40646311	96469356	17563769	46673109	14850456	95625622	14164344	88756097	54010409	43700157	14991366	99156021	17962047	17376797	19439454	21323094	45403896	101871719	76299879	69490214	34774802	38003948	63804832	99345593	16908775	15786922	37322666	19199335	15787053	87886096	15970446	27768522	78000879	49320629	26025988	73730262	83884565	65428529	65835527	40359919	38267814	7901202	23567218	77954348	90550532	15161281	40218214	16352523	90497750	85668268	1734381	46288971	20755912	24100116	17177164	16616272	59894716	17266502	28542721	37141863	90695701	26955957	16483349	39990485	28447324	40643379	61431277	31035663	54804311	43155565	29674962	47062640	25984172	29681291	23993598	64462445	79121225	17010913	35716249	15470209	55387864	24398480	22423078	79764599	18212451	28018672	24536499	82915690	38563605	72858117	49912458	17095138	28676291	27812512	40668957	70419617	17643984	6780032	25873356	20127570	80286900	24440532	80303580	26863621	46878851	25290300	24898683	26739128	21246816	23703690	55748658	37965069	53801065	67232882	37198753	6452362	23223266	19142115	18686823	17006500	15896304	20660609	60190631	16732982	15786795	15192462	34091029	289277984	286640827	198567661	270753030	280529969	269905409	231521076	157495471	174119651	279941763	196984128	60148606	123894955	86259218	151071624	228843946	287520970	180533945	35374158	285976726	183477761	148834985	72991947	250791315	292557592	169773866	291136357	40921736	235447853	220955172	101622265	218364597	272824638	162936634	215823301	100046297	258544800	251301684	256361818	155845356	261413366	60771456	25745019	30781637	191269429	40970701	283660297	63300896	119131211	190759316	240854050	246103031	190387695	138628895	279219685	51828688	23788252	268991523	53335403	247283322	59825939	261390301	234255302	41022086	70886259	127731113	129273531	255195413	237581493	266993038	275987627	55121922	238648024	38996543	269199007	131345935	262153091	208445772	73978891	52582757	212032478	172477733	208563252	70319914	262275265	212017492	50547996	217424508	132223511	72217303	101704254	226508798	18949572	183461152	18048394	217248972	68228017	98403932	182047169	261806687	253437303	183104222	264340725	220342684	231947860	29007190	154440966	182688162	136123907	241767234	80607285	193304707	59327517	143737115	143322253	114872699	70916494	30315414	153470677	79368429	21219390	20956429	74587188	186686124	29404038	187397468	263927306	220266652	230299067	53187491	256288010	256754305	262153439	29618162	104881211	105627252	35364971	125547568	35751198	121296694	20923572	220261796	182646181	255315692	31009369	232292896	27753611	126364732	95785600	142922273	44042012	127614046	225979428	128105374	245076874	127001920	88265379	41057472	157765776	97158610	135949975	46474156	96918985	49615815	210617477	242444620	117918572	104707093	124303974	197400634	44802897	233198960	34933263	63063608	99647395	149641550	52114630	23080930	106602180	183650452	211091919	209310783	28570563	210950287	224117581	24093476	187221713	175856044	46232571	63210735	24645450	38063091	197306657	202892149	191302528	140299586	193904190	93303616	45954828	43848857	169404427	193893312	25891307	58125662	186751481	176061303	95474334	262286258	40846502	34943702	45589233	54094058	169547788	208614041	17973137	220057148	24521647	115753716	25190142	17750395	17137254	35399237	86405997	35087035	21570835	16081399	20746875	21259003	14887344	71134961	191274945	225634205	113508007	46860582	48660269	99080110	149458002	31332024	64803070	131962317	81507834	122596475	139687353	134550035	24350015	130085458	26296758	86067848	107837484	38541154	62011698	173948580	274595746	61091715	282572398	247718662	256504702	224577226	31608463	153515551	282846701	30812377	123461424	23664510	279942527	273051398	107762111	229255063	255280653	31427325	231948280	58311416	24292018	208789485	171737486	175815396	159302616	202431770	181032620	157240820	259414578	263954428	122527062	180740006	138924469	74436561	153563696	206767223	39101581	216847588	205287125	48439478	167750014	221521091	259742341	180595146	75816353	82994320	182153260	84749406	126414534	181523099	252136180	151998923	110438436	235317024	224917655	227688423	23327610	27098089	226965766	130647905	31026810	56397733	211765562	150417161	34486143	94689074	18876233	86236378	117640190	202594439	56507795	201762709	157797783	77652905	79588270	39255826	34092962	97081126	176806245	22100978	100424053	18135058	15831774	161284824	248834926	105722514	18118740	213690332	14180448	239380259	201344191	246789536	46618295	150124148	175729841	164322849	20900227	7879052	18414159	126616819	173085593	62566252	211544523	268341285	181472736	16563471	103574684	227573417	278228356	252281104	235822274	172447928	265677280	98364447	30294492	131444664	280161642	73887341	17518176	272159518	34339572	47654683	55982709	72653831	166124051	34007097	41134865	68953477	161962473	139814853	21708145	193159735	16543944	16577921	164813803	34902334	159534035	50225755	59496915	93176964	25861198	13973852	125101470	18368061	33812657	242837638	239350371	232713351	91641527	192703995	242660601	221537417	52092606	256919617	270896425	95775832	179785373	114420052	33971789	265453806	116152274	14631638	133612468	17139109	157039859	48864715	197348599	193248082	16818325	43987148	26267585	16656453	64756302	17072513	62956926	22421558	25634203	15195171	19912933	36147690	15831817	14903171	27003119	16611635	20081681	16061242	18258085	18171314	16115590	898491	18362376	16899075	7688492	12710712	16429977	17171293	5656402	264569473	14160697	165062394	14807294	231570810	18337264	15424778	189173183	17574945	144352073	24903831	163528238	122153615	16856670	19366844	214661938	20588598	26134913	17819472	15295602	17035026	24815181	15735125	18761352	37731445	22483030	84240622	21971524	102072117	25825847	120206151	176737904	16896699	10869332	14367248	17802735	238348728	201049010	128993730	232347581	83220224	106375253	134704385	270003768	175687641	38300374	193692319	159632720	232679119	267844771	64950687	69495020	246044933	35319164	243883447	180081455	138872044	134326858	101892149	153744800	197806479	121610276	198983782	201492276	124596725	169051492	38333888	117365297	228967720	233270958	221866054	122960115	96280185	65641927	174775273	36399484	145159487	26941178	89595261	49859256	219180908	35513828	33148512	220926767	155603102	102658641	273366887	21996790	273158305	202107803	277661891	39381442	121182795	214941533	238186903	265602646	164458231	254534985	53659245	167078998	288728873	197539805	261133605	204191806	20974144	228573413	278559766	277239676	197414805	48155096	219337066	253183073	172894473	167474247	18824239	29181774	113311342	95104390	260661534	237391502	54718503	212827556	62397252	227160651	253579718	219125895	214203531	230862025	16359110	251537735	16878100	17221043	25856931	18196308	82021659	21161394	46199806	245413341	26118186	242063677	87872551	259974277	246443216	80631844	37785392	221718578	145635423	162991438	14245947	89696456	237629101	234519346	65574375	245161843	78217849	222894236	212302340	222866138	43254166	17727842	19113362	99140220	204456117	18235319	26216948	30632629	79100380	36167384	107953292	15770715	18474711	45881744	60403706	15860227	16597806	133902835	22278762	14470596	105965064	6232242	17337907	86277174	20510131	18279491	16603962	14959345	14359747	22032969	24209447	14503541	10405152	45325362	18626154	18680847	30891345	59304258	26188132	39828896	16832044	13813212	12666842	17352423	16468199	107621747	262224039	198316232	286025018	183479326	74041951	25154863	29436588	237506125	192559738	233409410	218861501	57980276	181925782	60352468	41609595	201217347	24406659	38212757	249596740	182296606	22770373	223231071	216837755	68660842	167700350	40766182	177270256	235585935	222679411	181963676	106586662	65973032	219177130	155303508	17122599	185039684	229955207	219212864	76266300	224673083	102374282	65201688	63148098	218409553	103069452	217321921	72518620	14118566	193176778	204435725	189151804	205000696	123751738	161310202	152575567	178989809	144059845	39530150	61400105	135066337	76908416	35067421	190765202	184802014	168173777	26341535	110130319	52780400	157516380	61054075	152765344	17897027	114899946	133897973	71831771	19220417	66879110	16156657	16453965	20311007	91104734	99123713	43119995	54521114	90145753	77188021	92033086	105730670	82422224	22950203	94686097	51730255	61145761	80739469	18794094	66309171	271545360	261583181	166165686	226346761	240000418	217099660	28992244	279222691	157215014	30901799	267986176	255529401	33398901	244770038	235270752	230253930	61739879	229221228	166485215	141012714	214303898	99524604	123116517	51123894	34075958	216853489	212057620	194645091	57007584	187302327	171200643	148034545	21994271	86089775	37072095	58165424	142381123	27628232	161529332	175610530	164795418	99189518	142291041	148179426	55321704	18464181	241987341	259311231	86246470	241773893	244766201	17269271	244539678	229604487	225988986	19723828	106423324	66613790	28640420	184595669	25082203	180212984	271443226	237061885	23057976	256765795	120994635	42109537	151272511	15481397	18860342	15950681	73327612	278155387	179387028	55994376	46297323	23894581	200615980	15978225	23891381	200885527	14242942	20028995	214314148	262752267	280875098	185431427	204597980	241235014	20156014	225052487	222765250	275420998	49156380	290781168	223943207	265414661	261933525	194514073	117701129	132972881	196302225	263925720	83620204	196495731	46970901	2703171	274416055	242497435	40983286	275078231	18068152	194158149	49128015	275038264	27876548	264709844	189996730	41798484	119453199	52496984	206654255	201691634	16900628	16948493	246332465	53733556	54661353	226610036	197198354	206660507	224816651	19758708	160864706	223752230	250347189	212180796	92906941	47107911	175570413	233566151	25317409	66176377	197324761	232276959	238261903	118714696	56706787	103771731	141918900	191448911	37007603	235319539	28881601	122320209	224071455	18769858	20488393	227738415	219300612	217128874	19374575	183259971	31923368	213541981	42471574	15507721	58070879	136004374	47945698	18867497	119541447	256220007	86563249	24881911	218883873	258593097	246424221	243009308	102267208	198223408	107783990	194775927	198518989	16186325	30487634	25128021	19472876	174400418	124572783	14583543	121311670	13385612	55928951	115108235	162206300	37357729	280094726	29632619	244243382	16345634	128320616	144090069	191209718	35912815	40160595	172143827	111732842	60649145	21267760	17627344	250521819	156662214	157354679	131218944	241340699	25129845	234983670	115446878	48421020	234895094	110507351	20288207	255997601	83982031	265363587	244531441	173556902	259037419	192508775	229579385	104935691	219473225	26586619	245084055	219398477	218199666	241960868	155313353	55982193	168170933	142279225	201805872	14782269	19788712	30224702	29321977	21975870	93049372	115105341	19742743	273007842	265073925	286383775	151714681	271450779	234135571	276257634	27555264	31782621	160245259	275674716	280823159	148345087	264524070	264454116	131813619	160269657	160246391	80889677	284913850	283025621	269628558	263808381	240685751	282443581	204528911	68535260	18838540	28918095	215343175	107476658	116502459	184664879	186236057	55391457	177174566	24147232	200254272	41226101	47376591	25701098	94450766	60219244	88622080	45517503	28721538	64960088	276890843	291983023	165155459	286954061	276915927	97339227	184806507	42803500	245806616	277808821	224591171	264304921	266975944	283635276	238042179	266707369	153033874	254240418	222485748	60146309	17643046	80645996	82500661	57700404	58644114	16737437	18868316	18066326	38723505	25898134	116501125	115990233	77941880	210630718	19718103	106182367	19908319	99263888	53698677	125778845	27471405	188459317	114224049	72418967	24989789	147043669	236738600	84636076	127112233	51891575	155806188	159221026	200123241	207379807	16446402	262910901	252759457	130998343	194553720	16522602	160718204	249618627	228537830	144741342	198650476	59197928	78106692	16506186	125424297	269977196	14161537	270114670	98726248	229296348	170535028	210209233	262290782	115566965	190921905	230754163	56033092	259597539	262021018	47023870	261745015	264710433	288646614	285506591	250394250	22916596	230900774	215639006	275847010	258110826	133890919	32520127	201300472	110776729	168005291	136580566	193266989	218419780	140176807	165806020	79655100	92433301	146080681	41175033	74305135	147978840	72792020	19147234	15949253	18880836	15405328	18214599	94283112	49485108	49477195	283170687	291728719	296680040	280263974	267328156	214679889	278669200	168209760	278494797	79218153	63349406	158959785	41730966	194267112	164485137	43550765	182303997	52725693	93792452	109408189	24249686	24405980	218418251	59355478	88846356	160407145	171910256	188570668	99357584	32960909	102761309	57363659	164191031	179230705	77131560	83771791	36104376	44461376	179030072	60401740	20925717	20886398	46324551	83220189	23877082	26799175	38128204	104268526	27022925	42708186	176908923	121447170	59591439	162188950	158510845	134559963	81652614	170569951	149345623	27431825	168396727	27783576	75751109	64612944	19845100	127288920	170772657	129977113	91374872	106549557	130383408	45090490	48290966	56530113	104241192	266265172	223759263	274637650	231028180	261307253	248879099	272896034	171405925	251535016	244858550	230184837	196993027	69924847	268366600	247511327	240703261	253995408	276841928	277716841	115759494	224392111	224391728	261324463	141559099	152413011	203084347	266778028	266663094	142674244	224442461	226901104	132087707	146493072	190289594	185540648	131161047	6490272	167351211	143899352	245704571	51540071	30070014	149800575	57843997	51361971	185374962	29480260	173894388	96023159	60626448	203986643	123637368	99782750	86765373	262476465	91351303	15122461	169822261	269054509	271269925	159787037	153713720	259667994	205556481	93549698	42624566	128443773	126601553	248364445	82211063	276283555	276532109	14844715	208948147	158177633	159001757	240605051	94747442	115916578	249099581	269102809	123491250	38613804	15520340	242910873	40343281	117274806	155666890	248470409	141111014	99637923	123692680	37266517	238829726	257626721	204111380	137522626	86225369	190763074	55968968	30738293	238711731	33058255	180361680	213677480	170627975	188306211	52575960	34733255	229663117	141507813	88198639	153154361	30822016	72628656	20782787	41965009	182097517	14060372	39944598	76704143	40765245	817977	238692931	234830059	271410422	269401875	287472045	260528049	171545911	80160182	273243479	264090084	164139122	189495260	32201072	43998432	64352477	273810561	108300676	239884415	173221848	128298917	21814095	160565606	104922757	142899366	263507369	234264022	114149583	211977478	24788854	30968039	108350879	76456492	86987692	68509267	92918008	234974696	76022758	95272259	50866160	159122591	239256778	143326111	227549550	232324606	31109564	168894301	155776984	45265771	42086086	235396158	192992069	30689667	67667933	96010232	150909621	126543999	32136479	98509523	205046787	108114728	29513935	188503672	43638282	27435858	167043550	40717746	191066305	118884166	183740007	32230043	110585067	163295179	184669157	91051931	24808046	109110360	186439514	54259050	110352811	96036850	188147393	157075186	110752011	120146229	24959841	125464406	246161173	102383783	123130128	185995198	142533923	279916828	280094207	240843871	94671892	72218449	63499255	202001056	218835122	76026222	56776187	209929115	90948922	153104545	265291236	283169739	151945987	273485927	230421707	273057261	286447592	274271065	286482711	278075343	119821035	275663474	47072182	284316153	271473456	282249962	216184007	270308051	116493256	44695816	175344254	268162770	73560552	137183468	234206159	30642956	121929179	212417370	230061329	162904918	24016129	47498430	226848974	224003404	215673761	65458505	195176121	32953983	43260119	18624866	36835075	64386624	165555585	115545134	270109338	273676922	232158403	181681300	232276205	154275872	170823600	97703457	259591786	135410318	100183596	124912484	276467770	225180014	41421073	239477162	111509308	276916474	273299867	257381863	279422802	267152320	180841932	279421433	255105723	237671880	211847949	133130607	168738285	244852040	203175998	52586761	222862747	180043737	262355479	176814417	31688329	119196878	68089665	86495946	81994188	84114906	242625087	156472850	124340677	70617438	235267321	157858384	64721637	229180180	194484968	182040558	220190718	231372796	173678541	169213331	30780296	28889970	88140218	26743167	57517393	174660037	17773953	28126216	16245896	39110488	81696803	39227875	166803965	46338529	31136859	196386572	42619180	21014366	97984354	16672255	296397266	158533383	259912882	293887881	282100126	179858878	95192888	236924826	233823667	191521732	155689793	196516158	271746956	217266881	45480461	40697508	14840162	14988294	280823426	32559327	251486666	242482335	33142257	224806546	89706362	224883643	160176596	17851312	36110149	19790783	18882797	16101095	14651412	15756049	111073764	30136680	24080811	32688098	43732428	47150800	185143375	105663159	91668669	110008689	135754825	118829759	59409306	18020075	22932990	124854294	50277896	157773286	214910140	276727019	134687004	36949363	131042517	218569962	265390549	252930430	171791209	224877298	284994423	142952977	282450192	282637009	132774833	240883291	73765127	188151799	79395255	183187372	195762852	273818789	26170620	273818044	82288276	23812877	72637707	28940129	146111358	22166967	263037605	253966499	282783918	125336170	14641007	18144771	283459669	290614740	118357598	108567908	285550348	256516378	284562605	279392755	67632351	179437165	161584263	109242858	225961799	2241221	30279271	14376012	47456517	95186093	144606821	214952132	208840357	119020698	67982292	171491504	124074694	249450659	169903572	17524927	241411518	167418123	266825483	229079712	245794608	66422685	241629948	30882213	249471079	244347709	59818779	181233139	223220134	16255706	35383188	66849097	96701336	75092657	92337972	92332012	92329227	92807829	76140872	92219443	95854229	73936008	52075012	282995922	231172273	256329898	253754248	285748706	122662393	280632511	242678431	135255025	221338016	35515648	85516697	229326039	20424921	190058371	30909037	127136820	268041661	255607479	196548326	204458306	160883933	208945432	266893097	143798276	276954802	123762268	262945283	239948751	249668341	274357123	249048553	273539000	251546312	135747680	220973344	280613788	297073598	216325110	294677699	249542643	271293306	132215920	41379694	58123930	241366062	242905374	289780633	176857339	268108279	128142437	268522021	74250229	119669731	229703758	288631554	269276341	149456014	67204771	169433991	57135222	118150997	165200431	126939883	176511918	130344910	220687241	192272132	212992150	100613776	275197858	112256817	152813030	278874689	48062044	275772730	250827148	262957233	272341131	222361375	271396263	125335487	93950893	156910696	58020466	274611392	235306505	79778423	222799653	203540391	194571764	104409851	276021720	26029346	264886130	85866486	233913742	252151224	173547052	15786482	254412324	231002319	186744330	224572834	22167858	66767372	35175663	126078574	267004251	107138744	237153638	133348387	74055585	216681639	265357332	227404950	231798704	276465773	279441982	26388416	282849313	278880061	263908987	266078819	131235578	270905831	87218878	262814734	254927426	253587391	234812394	133056605	64842948	146916940	255842991	204289910	121946528	14641020	162155016	51272029	217508709	40438523	135422504	41503168	287353674	277123188	34560104	137863418	132610504	278202404	248125750	40406264	113131330	124537372	139593881	75115019	63381653	285743536	177808050	135728240	265811064	262886526	149329438	266549776	263841054	290269664	132736621	65675504	236929686	207173823	272196690	72076080	39567493	15126812	141092234	231939830	88727975	275155118	204127832	217551697	155651295	74504690	111715542	24736864	208652388	133599260	33271488	213683944	197459193	146104896	34486232	105867316	288152207	268126128	79024536	118825323	241198515	20541478	205879926	49858790	155270693	52474527	237243912	47777917	198267460	36503097	220183022	187391700	168022972	139914740	75538283	266025361	222171613	261661292	264055869	224997980	250101732	115610503	260666987	260657485	266462300	254506826	264537379	262534777	237039009	265844328	18371068	74696171	257742223	229609753	47103770	282995337	293671862	266744973	262465087	229972660	281842928	222051095	272202065	258814936	109161156	257626816	286368496	286297785	286774536	258230465	196529548	274899641	243804485	259940495	211239628	201074012	230012648	195042538	155332664	150458982	66856594	192567622	191717854	157769077	297234503	175980139	242687130	66517388	236510183	277352523	105434293	265762802	235158809	222416320	218857349	239410685	112388421	249330205	78681931	111075242	31353033	131917366	38371008	187628649	61319551	248509076	281715768	196505874	196500408	196975458	196958237	241131678	268063306	231348711	218966056	55769742	23668206	54675157	19245122	16220374	16044047	19897075	278425787	277559483	258509665	62497680	272002443	273691057	218888996	125762444	80441410	160283363	220660878	252805559	198725327	45193222	269418027	265769085	20664856	18013249	23091280	19216162	33664921	243801701	262785515	25354439	95288092	32361307	222235051	163786515	246898175	214600397	29088441	115624836	87696410	200087249	213364570	208574826	265602190	205066686	272690960	31371230	116272856	18682893	240247368	231581660	16947284	160250380	42459544	221878424	57904837	37892773	204590433	42481794	188960140	198673346	197998044	96394644	52809967	27283079	52147450	92335705	291923735	287707562	191156858	255237569	62343030	253727282	35772646	15338003	229335572	110800422	257658866	257022180	52748345	138273132	266720057	179374000	248086050	28395679	58447829	16692771	9385972	25345129	68083148	78001556	55236354	68658443	28426047	45675141	20961778	53645517	36116095	43611442	14502632	243903677	276907895	257366925	291856601	239370752	18640123	278664283	124329690	251352839	46532787	263643560	38856166	222379990	276081411	243193782	240150494	64550335	274112954	256879413	256665746	243029504	244596252	265057757	118190190	60970060	16024366	208220469	46117928	46548442	47081889	145843221	164339792	246750515	252237249	265986745	262155383	232386009	39653034	263405887	168076200	253395940	250486009	94364050	219869986	32576777	229453292	249611158	288218388	287501597	199873686	248407115	266823877	215763538	31339129	193970433	163396203	261248422	65274380	226879834	146799429	233291437	266308070	221619129	102361186	137641058	251214066	16377817	130229114	88139088	91759712	110466429	265618992	198458969	247811700	133354367	254042564	237967473	198606623	254287025	271711525	250723346	251702062	129956619	165715009	107516725	104834680	277333540	262483844	298479553	223830147	278283198	275865687	282132769	120382566	265176341	183916468	112799591	34152439	102673664	25636196	187335401	150321278	29864168	237577332	25840099	97265251	278174190	180857179	246066936	243620389	229266322	191772809	153521104	270132560	259123873	244577585	32720040	128894385	259150887	19812133	260115169	259221770	265277599	260103556	97417139	190834553	255652609	98390827	121698903	190546924	62974769	53504503	39111319	130681149	292072851	36491394	62349479	182555833	94889721	128883374	287822596	270531259	131916267	269084974	120156459	173158325	251522942	107834866	78068202	80981708	22957635	169412989	246021685	135943812	110446807	253077647	135965843	262922061	249322375	290556566	137767335	135685399	267552587	14863801	260173813	105104720	192421864	239221322	130569314	223995023	240776356	260911811	123706475	226822549	16102959	222482306	273221891	233288236	241037569	137314495	270862669	274769908	273817247	114526237	46934475	93990394	80293802	39924926	29995980	276366717	267092353	278012448	274772142	272334811	274771877	274769745	273105950	283284775	270083971	269985965	275995697	139499100	223227025	273374690	165233692	278912034	277090165	278696407	278980391	252863683	145744761	296215018	155174363	258384318	292769542	286672007	224276077	53201442	24363511	20281441	14281853	98564665	31120807	278537949	21904953	211559063	54574916	119778846	199277469	34705884	274910278	69223354	107416606	279393362	130661274	182165751	47654294	247892951	270845549	277116476	274551740	23973038	253422875	74902884	82956843	174245524	271392747	225293269	197251259	188045362	37829051	195780571	216641267	50275032	196826220	33738670	37077578	125784564	105242474	61766315	233962555	232714552	163571759	34005792	269441695	76145171	273144222	160281503	71583698	31638398	89022461	19001832	30341213	23806834	17977034	15991632	19519595	14577023	33809386	17994930	17595125	14344497	15520554	18932164	257817263	171996327	241603622	14413024	108922597	116407984	190597927	50784295	89012091	252014350	110836570	88258881	51158710	247366095	258023843	279314842	279232368	264486043	280346143	257218179	279819143	279877665	187873512	241025121	108140942	256497746	195075854	111059599	235772987	41101644	141220017	169800673	72770028	21599664	269398281	216601042	121136985	78520309	284206134	287021858	140882701	182458999	39334971	153642333	242421105	141713583	174049517	29052484	25192474	259579574	163129014	226084988	275853432	90787869	44209469	261115731	262961949	258297018	141982193	117026092	132291569	177618179	247370719	131604401	170497714	15806409	22712071	55426341	115736043	95233805	18316846	95249178	73965968	18119776	221331554	266771705	49615605	218748777	174724033	182522049	294916416	259530896	285192391	89728532	282341264	278063763	283170987	198513006	219308632	153356128	270118609	267221822	208303803	261285851	157707960	123988228	287378249	23389089	245308433	16920080	24469441	18973863	18606037	13996412	72475621	17219108	14825399	14228300	103316756	240843175	27905711	80934985	69451473	236415642	185840795	242563361	30091635	243890631	27105922	39023386	203693856	42116240	284069567	291656467	279212046	243461796	284811508	228129838	270940502	271585749	230322525	270542858	293190019	116408801	281006932	79021980	252054645	175489228	167228020	250952167	272958475	49365472	101366500	263977652	239524574	90184020	186809780	256130350	94019366	48360882	70750022	23652558	81008608	152792600	84871848	105892164	39753648	34115440	44001001	190989294	239067973	150829558	22015959	24834260	142688352	253304623	21864875	6149912	61466398	147952903	166309839	234856818	176292278	154661415	197365026	20290065	23214592	249079443	199221767	165888247	147816020	293314544	280135690	156587228	91626937	242133577	277738344	41197094	108077140	36055023	24205292	268911248	106600016	232206448	277945976	268545082	112378158	213114455	14212994	208075211	202818199	66751862	119173027	248619645	277540627	200704345	112736571	186182765	60903051	192723482	61439822	168969446	278117437	251545881	274054384	46908648	273131259	273073722	294411114	295370700	221821127	42011683	213954947	243485742	74014041	205425209	70156027	54883440	49791309	177584156	54281064	158974337	89056028	15481986	53678140	16963799	17989541	5405752	243125637	203503918	30517098	264065985	278111224	242469285	190374373	189928554	253957410	20542456	271079720	252103112	274273941	255988600	232681577	251450026	204622287	16996332	85094248	246035907	237489193	257159096	259024414	270935518	288331191	165805091	276663950	100984136	243394977	30111323	174886273	210884471	73110568	279986163	298820131	101082280	296632168	292858250	239691475	201429995	117497386	267824657	128730653	247763924	31746864	6822302	97718062	21770160	11407462	289686572	48649566	90742046	219686893	91683053	67813360	261056125	191549398	257626451	259040632	29914633	134297781	244759583	183512276	156881933	167185681	231945850	31281851	253776048	237854655	117042045	99003865	239585546	199764212	183945985	56290581	131191771	155834479	197713573	141727047	165012630	62131882	123787112	254004695	198669030	155568898	259455047	230091298	242006789	110668849	20290501	60906516	257540177	216920393	274779473	270892349	171021080	290295826	137787446	296393648	243704101	202532977	14317352	272614741	191065584	137536526	156849746	250764206	76449392	106065803	105243962	233934753	121744081	123336796	16658021	216763995	48055236	260662180	68615267	252105705	109810057	52559650	178569016	147179157	129359843	43624518	86645849	265024594	256253543	248521848	165341716	21434725	15232713	21013876	19372652	15221902	244935395	278707620	95969564	54489535	168530877	238384070	206052014	201838341	129007596	36325152	244791565	244271004	75116252	26831368	25454751	248956908	234975261	263827687	239413082	150775309	117013052	243431726	158851306	41641562	120921441	277056530	64755295	264870801	263562136	31343943	263886733	18960161	144496817	241038006	21784772	199734989	174870438	114073278	234578974	242210812	65990814	232869343	287576197	257256631	140949512	180605438	117231668	157462505	219311766	132695734	62382288	279581679	167940930	109337080	281452418	53073931	274323363	159565068	202027548	225244063	223916494	233791923	38460226	16084849	77328120	18532407	226089360	264115409	30961554	64117369	278177357	106038794	188661679	287442326	25544482	17984463	19470523	7367512	56532754	49992286	90995373	276576335	273299675	248138244	189612173	25568287	90941721	295777291	295253586	146933826	228155335	297136477	297138934	294200264	295293191	150045871	26929425	205560044	283495972	292221976	157697780	24223205	86957010	74263758	204556977	24561354	270530213	72345138	293271022	273331524	243972332	150485782	218354025	153850839	22227564	77330758	126900358	299004695	290771696	256260356	299097727	282375085	155716241	287735386	267311816	292637497	259530794	126076985	258064754	193292224	62376468	287209231	121651482	288380818	219793980	197524699	166614330	75603888	264043314	231021286	16068825	274489837	276178112	251382988	290906733	296931769	101850311	293232609	283107508	277698592	261514705	89979613	33271302	16683762	292484316	98171796	61187345	643903	19724378	18016103	87726408	293600695	208636887	284161612	266103816	216485350	18169437	178131060	223829671	138908346	253592730	255544462	255515393	254333058	241830722	157133391	165965517	230397367	158051723	57802085	201954740	48207443	271103487	55638237	249480370	253075218	278438205	278673007	279607576	279529051	265890974	261935544	265051782	256274575	274124902	277104245	277102141	279242628	268770919	116647039	246225272	263302673	262098883	260662719	220947172	194171935	232036231	15883656	74102959	221588240	16842096	21552191	43481813	280032086	139739892	174051043	276324693	272676990	141440641	24619807	33056435	181258658	116528192	280330540	63752424	81960688	122894783	146482263	24883913	242837842	156790387	172974291	37342618	7564312	216328291	264565987	201474470	184469916	85467830	28854511	201531255	41081280	189117059	78989208	168151475	54476445	16713	81681684	18370034	267668086	192579918	218904965	196983493	37811971	275460708	209382200	234634407	184238028	90274214	69146911	226339278	21011652	52946190	262076136	231001334	34075932	33326962	241782257	231320176	19155360	24323574	124575362	31159082	40214450	164324778	259891575	291792658	102848626	288933645	282662284	165271698	291018131	295170102	295065114	81491372	228986882	219999162	47806514	179685701	146354237	270028150	34563857	36568259	29744756	61741749	180173829	173368477	85763565	37919018	154986337	285032298	84923631	134946662	124241358	220122075	217556987	279341206	255087781	262820200	267876286	77287834	117569950	59131929	29859042	19091542	20491155	15005517	19010866	21049747	14090019	112384079	264331134	191410097	18830885	230024122	190955534	102341590	92683055	39424922	48921318	267055187	275802400	278076858	237437473	265623174	251279553	79591304	285724399	217553490	129907213	184700575	183790676	22377025	189097021	29846169	7597712	30229316	64191097	269670600	275753565	191602029	209057747	288514224	97009296	20673691	240487653	238826762	19346335	199013332	45182472	22926755	114277810	28493037	24631213	262634659	36771885	238732103	286449136	276950452	253538393	259615006	269789027	254190399	63212691	275942907	272870464	275934484	18242745	267434092	277840652	33712054	208823573	179010130	276376919	255851164	287363635	200242953	161794941	245593680	294865423	264254646	142300484	294774122	230559534	103123501	293357734	292377321	293675824	35619911	230467351	24139372	66425051	70140580	232273915	60042763	288127547	288128833	229588111	216266981	48670050	214743788	268554691	127581964	190370497	231003217	42247555	144985049	231322838	147359386	146256159	215840213	265655813	205834028	258715397	49155285	266954068	152422701	282828126	188755583	226356364	255715739	25615097	266597097	226377876	55433081	75817073	97855615	208227794	74896420	278946955	275692508	249234861	34488977	158541659	173680189	290085231	249669255	251527794	263996625	122926839	253537651	99591267	102459310	37116541	52650213	251435389	25435808	18338831	28747335	216553807	16819016	34351226	191985394	207730312	153285489	257826075	250960203	258273053	286985692	258266366	270496695	69735724	14918385	145040269	134233103	256677660	257377790	248597357	199275091	288020680	184106855	72181057	262757642	287260017	270524965	210357424	70790099	270677394	177883106	81682307	149760577	17784957	63921216	231962760	64903817	157138475	200731930	200089077	39986906	71043340	173930677	152002661	32863252	233267690	106526090	237990518	124053720	19962605	6701352	257226108	277458846	178228905	198923442	269733697	203809698	72669669	24163850	26629129	18253644	20571353	16094183	62994129	44450469	213546859	138997975	256091555	242333910	295783769	251784237	248224199	150846998	295113768	271991914	166573559	282510354	258196416	279717596	273238894	205963129	289728926	78190045	255294666	192510103	74571184	281329016	278105600	20815352	118181916	205939116	196463583	95485564	204517032	92893155	18321436	54335840	161011076	35061230	151342802	162493047	109826139	275827615	61880840	49639479	185222039	191944673	50912347	128929180	204969498	57800394	223134684	180634501	257246671	125357220	265742482	165553755	223848490	285834732	227077188	267569812	260084290	273299854	85681491	192572494	228006794	250135278	21797509	20604040	63477514	185761080	69612154	180679885	145535064	26587725	21683361	268765457	208707953	30282615	270849864	295860440	195864605	280360907	277963962	257282989	234849540	41462515	24691341	274825073	76238019	153997179	97576717	22245090	71593302	58747150	156804020	103934971	172331822	144140816	295812074	294703046	2370871	249292471	112878840	56728342	263352730	232301051	165931282	257959210	182138191	21125645	290168653	246362760	27053227	159162792	253457666	27465557	270863677	222006430	162316747	270053254	266195038	275690969	88003803	36298700	17477372	25090768	21592527	15057921	166451252	293501721	123123663	243803679	122600605	273138994	128940381	278178386	279792617	181626427	119814036	232020545	253536626	257738414	14203514	5962712	257116158	8594282	253584030	84324425	276480794	34580112	190138552	133542143	140258789	199372813	221535314	73623198	186342984	33413831	236289262	79583110	240834895	289174846	266877129	130928075	62121743	18375409	115593343	220061727	120997187	34090665	283537075	258846029	256650024	53291314	193268664	158552289	188435365	188447544	203181706	21099936	229135669	61414888	71772900	138632419	120612367	44921990	21818624	183810946	287361794	24387716	85105756	53961035	272092971	278377690	85510954	253073935	223018531	278163565	18411761	32209151	113237622	74178339	198467754	246661896	74571537	199672136	227880718	179266429	266720808	277695151	18568439	254378758	195260159	228138570	86954153	296281684	134851075	212920471	256929509	286633175	203796540	44673841	190789039	48642339	156841247	66003255	165204308	214524237	52256385	85618099	289457937	192087301	236855500	265829926	269533822	260666493	107628491	23145495	23314087	72426413	14140666	275385217	145376622	164520504	188759689	236987061	40529771	149554115	280997962	173724285	60344963	247409657	249688592	278419053	211795689	26140050	69954953	75446580	205015933	263104024	111972630	290250769	186500069	14608950	286900856	42522796	123131203	207386885	146956313	142399034	90854372	17560480	240792415	214751809	160578509	61974965	80765443	172648739	194552516	63992054	115065221	272366235	276136331	157927462	291202185	221875706	198606216	42346547	290947516	77328791	175043413	279745370	191772231	145674982	159771304	290488133	275020073	265069598	292384914	97896953	280840772	251351047	256980379	48084766	138610907	271765708	239053250	191332253	277810172	15875125	189937940	253602761	76084887	66802957	172252889	131548056	253078875	256375046	141637740	234005130	51115344	59539071	234217840	274772301	277389702	273225450	157827339	255159615	208909196	159663007	144281887	292570454	234138911	262517990	104027224	154250055	298298473	294116303	293565386	195277160	242945473	223930196	159735938	40531332	256816653	260299706	25975677	287554159	39801424	95677787	264717738	281563756	256355566	294745367	116127320	105429937	246098839	229696180	239347515	201183206	156557380	111174861	23005142	250479625	298736766	32347368	275659689	247127957	71553402	260418855	293620645	229271623	61931528	180862361	125495448	41531851	118144166	167213625	27441729	129902446	212971754	109006756	31082651	267834757	114044841	75033507	212822513	107733338	126351209	236676726	289889530	117763144	130268332	280786288	65149619	65196532	231358067	294461416	70495393	268701755	96069713	206095395	260037509	152096238	272482918	264878041	221893300	232835375	250361410	259193522	123956472	259344640	248083690	205143130	110288697	279130958	279303084	207352235	73428225	185909165	24144605	213533634	34985514	264628018	281264563	256021835	190702730	218855896	252038155	272333151	272432882	184348588	32387642	40744315	162665603	199988408	291029664	16481404	183682952	215999973	25741550	83912672	179447934	38247014	205600646	128002776	188028029	220010412	185281287	216588935	76862637	9487612	280259891	246054739	127998033	259503737	136088745	226720710	86625018	223395831	240892345	226252936	20079091	91650064	223212546	36362105	216791227	166917086	208402356	218824099	188768869	291460804	288035007	258498226	279732205	228259677	92355962	274675225	276206389	247120317	62943645	264587698	221569088	197560025	37224233	164785404	258600181	268991459	24079019	19061205	238714236	275497890	271218816	209373817	264550211	187981917	157982760	203840517	47589501	51677690	238620986	278572642	282844386	248852910	232107918	292398483	65029132	212085799	261506639	284810432	260396813	250516710	276183551	264805905	275051178	275791228	267049361	90255782	86662638	260603737	261263759	144332271	276009674	235235223	278054303	276005951	74354098	274228326	253487642	277569076	257784177	246859135	160622545	269632395	218921344	107530987	156033002	200690417	278726906	274549546	279422421	58706305	266569437	61294872	141487881	53768629	281691072	186275658	38124429	230683796	178245360	224155025	188252009	259940449	66935920	129855901	191870065	253153727	18796668	41506609	156388315	131458815	99607361	101037633	127887645	188396121	34841436	192465427	188398831	289165648	251061782	231192437	4798151	275893779	199545302	264958778	267090599	107668535	85365567	62477224	141715547	159645330	63327304	28853348	18407039	277985576	35523277	33520242	279749074	116412949	213678860	68023462	40560512	28367220	201149268	158826404	204800313	169011504	214889379	57495980	180804278	31224428	278582810	278640446	249905873	105361112	19168248	270864427	96890400	211865882	276580606	15712563	59030852	290066836	120804623	91731681	230096745	164680406	111982344	25939147	204591996	286945694	270499347	118739211	283802552	125598944	167634659	199484484	230481640	46889868	270853639	80840597	186964960	18568064	104052784	244210699	87388486	213317908	127031118	161393120	69608001	286869665	278851388	264697076	139392425	230637676	103228757	271076216	18931300	88568945	187848580	275399016	17076876	16465231	212043660	117894956	39468212	284812657	15917304	217629704	247466621	77193468	146425067	184220230	259001131	270234039	171599866	261833935	245164220	276840109	184967954	140344586	260595065	254592027	291854986	259943671	284212937	254325295	298822052	195933127	245293955	277013605	288511784	255523636	33385271	268441778	201943047	27935689	215457050	68560781	275347890	165112500	169015090	181823346	22838678	37188862	89286956	54369950	266265701	266981047	71063729	125532629	112459634	19417500	284208633	275319261	255304682	54393743	262425076	258898723	251547806	270944095	242183654	159545298	65824658	221481985	276349184	23003122	281979209	95511903	42001902	247293288	153756753	24424033	43934416	179639510	22837640	257625288	75622192	40421589	239820665	199350455	263913673	273049398	119919417	239225698	180451553	189649519	24958201	105510040	79694138	236218148	202011490	232038485	295888168	67596929	150570296	60445510	134927806	257259336	218185231	94326191	88040884	87261062	260856061	280839282	219674972	123362586	294864852	267221648	60058441	220973258	168361384	158816093	244749019	95776330	38992301	272870373	271573447	255719304	52107955	225250466	272869940	283302609	69956385	180806359	22047333	185616619	60225977	255974221	45545390	220756966	171953254	220074565	140858564	289471773	260398732	265682098	183300240	249816202	42826860	244869440	225592025	76069536	186664635	248391519	18506379	173513879	270976959	291307982	89661083	98143987	283960032	273020242	92536016	260309656	298116711	278068498	206783584	112199701	249540883	216385346	230896623	70973194	231406519	197507096	103075222	239149881	297449319	30378975	278790365	81782455	28269083	52589946	33472517	273328950	39429520	278904408	46102030	43799209	199118190	229871906	266446439	215865462	100430592	43793451	206226705	278746310	94526117	167966463	273760841	257521188	182258970	32372352	269476521	158100047	228216307	74709205	246502171	295360949	273311534	295992272	229557081	270099076	90236589	144480707	88991366	94267501	41250626	176258366	21419121	249976499	37952993	134505955	251796105	278150846	18376985	209118892	165895200	234944178	198229532	266570471	108879268	140829898	237822441	99674761	294055416	246768058	265881015	41334437	276207690	279167359	130408391	279154820	215609217	287621304	78764510	215283453	280821491	254106291	38151542	170032998	154625880	269383834	273054775	291634693	255621351	298311087	279249408	278983176	255566686	78261350	288663756	175227322	169447805	190774889	267894458	272880648	253073880	248504364	28810989	247482251	153552403	27566157	64286766	79171855	218916296	202433672	257580610	271293168	194012030	19330456	82441086	218263420	287039998	108454374	270864521	21492213	268293876	244752431	154960648	220205262	126912691	225083289	167804895	255092616	243463217	55359439	242284690	278128640	60917047	103577963	45201352	272870259	276496037	276462418	276150034	17332787	196187333	217872271	191926879	96875177	229829479	155050742	271532989	272848905	250265815	208683368	239061405	286195368	268287205	121469723	199474876	30767665	232280799	205749512	289185389	294060922	295692682	204513685	99790079	110620922	273216820	270718187	37033042	29358295	94925544	126799866	178148166	278624419	96709259	276844309	210797821	214075388	23098733	114681224	279238451	277139728	279196125	277621344	279214612	294161400	295075180	47709680	46366673	104951936	63490735	265244548	293703958	294362068	205474688	264069351	110782675	48277232	86273994	257523924	109117194	80284277	80681007	276850492	276861952
