7514802	92423860
265584815	283751411
271483064	271241574
130711947	55460169
235143590	207318169
195260159	228138570	296281684
257819117	26586619	79218153
80544255	120847767
17956954	69706331
268337716	268341857
22833935	18289658
186391032	187872150
285442804	283759809
102466337	146487467	146489739	145794908	102326616	147496209	161685243	102340836	102471310
221643624	253604117
192316299	20565476
198673346	197998044
180257770	297733845
244646996	261657830
278103163	296320980
278582810	278640446
136571761	293850263
98534591	22170599
212806534	295310353
144213292	299086998	247630268
137823540	141721010
271651035	159352138	154279509
206210388	287112159
123438457	22258796
191399297	83997865	85499846
132279929	27376493
289445453	25785547
92178045	259635899	120059018	129130495	113789309	88826418	61997654	86219843	61996971
269485704	280127810
265782924	265769085	265762802
15042218	67358482
257218179	187873512
261850905	39919046
21184601	62480401	252176689	220969862	19506898	186125373	179618904	177675475	164850401	72934914	20039434	16804482	21106868
293668689	231959113
153356128	267221822
199657418	176118608
278071249	278918642	277350568
285935663	31782621
281740766	296120440
31524923	30589533
271747331	260102125
115116351	78380070	19266805
171018581	250347095
243665250	106436455
240093574	133958135
126388656	120865928
298486214	130776894
271078279	15753176
251352839	221331554
172034640	140481695
184806507	39023386
84871848	105892164
184191672	172829249
256477888	255709701
140643083	169256408
196348779	16799876
97225655	21414692
296291342	46408722
9079872	90791594
151555179	66777642
35884219	284617130
131042517	271443226	265390549
76123442	88715817
235049881	288751232	278523614	250557755	207439182	233468660	233871554
28904807	21812003
53513591	31767265
102444282	31496437
68292093	146174803	138065075
216337924	239370752	278664283	124329690
109710946	214317119
74831805	37041038
18452164	17259796
244811133	291464775
222007131	277400243
34115440	281452418
292032452	89841809	97591079	89839783
62702242	90995373
198217801	260283683
207622376	205046787
293703958	294362068
229609753	197524699
268636489	268877132
111415667	97130164
174920515	56774282
175346568	282662284
226569708	41627625
84939658	105398963
194286514	19922979	20683332
168530877	288514224
138744796	250262569
160502853	46922379
19197471	19916542
23960307	97236597	20502989	92712288	16025196
222827912	167193928
88015767	27093788
292296108	228553720
272046325	286873028
48426722	274746820
170694293	241584542
273520386	269983639
77132181	26344093
95033102	73658386
256677660	257226108
86972233	123311971
294262674	293357734
40015906	128483107
289282110	279397955
20551782	92893155
128908497	128894385
257395698	257431911	257392028
286824724	286965755
17570129	20544061
270922198	208574826	213364570
276732271	39078737
186227073	26587725
23140754	280664490	198777633
278637741	80111889	156587857	89810506	228430137	228424929	276516733
262379979	29610756
15298303	80291006
52075012	58123930	274825073
267557625	188962529
65969002	116105951
74750877	181626427
184040851	112900134
135595192	131649511
256016779	299004695
194747523	233562964
240557342	198651940
246521131	248665546
47553866	59226901
272665188	269578072	287953703	238981260	202796591	149330508	257554822	253301082	277275471	274034138
282114479	78370680	288428487	299378088
132743624	128096862	39525887	71464471
155853391	20588772
20028995	177883106
54369950	266265701
94150411	80389721
232244530	180768411
14757875	166616864
255332062	243048389	257038198	245713156	18593849
171122698	44330883
25010218	82821034
239313023	249669255
224075905	71771438
37875750	151198722	39758433
249633492	249688592
238330277	22113076
211722727	187401143
237380081	264449915
250618359	272000295
246161937	185499599
139469399	275112954
95134351	20344996
230433424	54716366	239053250	191332253
167904708	277810172	15875125
119251740	272928129
97788928	287957501	187254514	27735840	28146477	37336592
242426890	235646669
19043536	84837346	42181964	106109827	92904647	106371314	23005142	105921204
218628265	274695740	77026097	298736766
247526957	67197576
128394857	159001536
81503863	29976858
208840357	212822513
253306594	89735245
284272422	240011450
61581112	61709699	62054489
281159510	275147188
248391519	18506379	173513879	291307982	89661083	98143987	283960032	273020242	92536016	260309656	298116711	278068498	112199701	249540883	216385346	230896623	70973194	231406519
286989303	285586028
219686893	144985049
291001461	288771397
14755937	90064638
281651301	290269664	130998343	281264563
244754597	242764346
286042343	257402795
294653485	29744756
236005869	22735729	38698625
97725000	191458792	145382517
42445399	277134749
275753565	20079091
128068361	187555498
267987740	267311816
215518005	41364292	279177139
209689641	256082766	152087402	292388786	229197176	121507404	15825747	41373198	56401904	184775732	41732225	58588775	33257966	186538858	284911236
256256881	207893373
19631841	279937958	284994423	294745367
24135515	22341326	21681670	25831882
154381366	284855063
259959922	230252236
215493844	172049179
224079118	145773771
111947082	77942789
116104419	253077624	134209912
195042538	260396813
249197781	292768068
60042763	48957305
267824657	269632395
241708612	252804409
188755583	116407984
298331847	257471514
170372896	178337497
232107918	248852910
80359354	155077890
166309839	66935920
253800440	69721102
294220463	18342626
245936157	290906733
290893972	257722998	290742465
28504806	188398831
287524925	70314179
282109875	67100053	283250452	266703689
282210736	251061782
65149619	278572642
234926588	277379984
206418701	78166576
181252702	236399814
264614504	260147997	255860814
31339129	22245090
20296417	81614972
181678904	46682699
136819538	128995047
233911143	197345909	287870272
61414888	18407039
244353563	211948625
255570838	69663248
205129881	212877864
124351321	10218062
150967023	258600718	202027548	204247826	225244063	191410097	223916494
259306752	262263855
283969757	125526003
88814954	36365268
15381905	17399078
283101439	286945694	273627988
282741723	282209406
284145172	125598944
173792873	83580749
211269295	47176406
206485192	180740006
190396112	267766957
133576442	136149558	190084930
269694744	289326079
133455494	77941880
264550211	281694341
17807191	241079632
40548212	55723289
258841526	210824956	208707953	37829051	119814036	232020545	258846029	256650024	215840213	278851388
292730818	205699645
299284424	254269376
78134019	74266571	231530753
72142091	66308035
17184930	31215755
50116867	59796100
189937940	73667450
279558434	270150441	275633778
203503918	80840597	186964960
273299854	253076984
195114061	180834549
276375901	233879864	233880116	154251652
272415376	271748425
283130513	275279624
237877990	237818090
14189914	44350195	20833217
269360471	213695320	248373282
141536444	203940289	178403701	169688690	146638393	255060874	210481215	205842064	45909893	248383580	254390907	169011504
295812074	81682307
49167424	28394336
74202303	80731697
19643660	7758512
231943047	89341199	97148828
88358213	282328416
287260008	277737135
283786611	282852713
22527375	165587491
159593711	247387633
270802864	255936268
268287527	268106289
253410858	37188862
19620140	28287079
20135489	14901409
66242975	262483844	261248422	65274380	226879834	146799429	233291437	266308070	221619129	102361186	137641058	251214066	16377817	130229114	88139088	91759712	110466429	265618992	198458969	247811700	133354367	254042564	237967473	271711525	250723346	165715009	107516725	104834680	102341590	92683055	251702062	198606623	249234861	34488977	129956619	254287025	277333540	88568945	190955534
18169437	15496979
195739244	288572711
233029238	233040253
247283322	250791315
284212937	284208633
29179599	137767461	103083469	158140769	80936666
277495534	268634008
53591829	105109949
230244118	266829966
296336467	274798221	286200204	279296202	269350524	295703525	299112527	285730526	291223532	298055040	104272839	297482351	296341524	270751607	297025095	299464213
197521063	75202396	197505999	101215490
29900796	246859135
40880559	25512893
21244281	77131442	95996905
238469364	265364529	205113218
175018909	162342751
234111329	267287630
275399016	263913673
80186087	35151904
277056530	273049398
19939807	20931452
171524596	118739211
182864865	196884822	102622315	176389461	210119183	236409793	200033412	175999744	71024401	100228524	206031562	161201768	108638509	115619942	103204953
101171750	263841054
291029664	264254646
260653846	236017518
246072122	244255841
23599058	16524970	37480981	78693483	87633429	34182610	27263873	26543357	204045425	20565223
167396467	289165648
15239704	44867797	58065133	81559032	129426263	86293126	40955607	15700516
153699649	288222781
225920392	265889623
220579287	151342802
126076985	183300240
282183754	279923502	282187296
85411942	137552381
290179239	120386656
259633600	111102189	111102638
240175415	242258746	295588503	294760492	295123257
227626727	260630485
25494869	39321602
54314660	239057603	287874737	74258683	106751174	217422772	71243530	257445049	13624012	282599886	24230414	151676319	21584309	19900911	183956303	204102412
107530987	188028029
264850432	180212984
268520516	269476521
225250466	52107955
20892877	287789394
210477753	85107714
134606826	299065805	216616564
266041229	266988728
243803679	232869343	293501721
195743385	226786401
104287920	104288452	236125400
269240947	269516181	269504251	269479572	269849345	269867743
219598648	189255854
206664646	287361011
126799866	178148166
211538032	266260600
97603821	72915155
81613079	140292688
299258179	19616686
296510178	296510200
18370933	131864427	121732349
94753270	79461066
281006932	293565386
263869272	49180546
290247562	289608574	272350739	285704954	288002837
247844333	276101082
167715141	59755648	139141495	182244270	115854062	103268259	87185959	105092929	241402741	130411500
278713559	265891073	226086870
275784944	93394651
17061407	15165545
299488840	291563417	246538792
279238451	279196125	277621344	279214612
33625572	29739300	38689259	132975356	247099946	66800933	233955145	25122967	29499545	235261220
199350455	52575353	137239420	189731523	40141183	238470369	239141138	225995038	229966976	232242526	233442593	237411682	286324631	266340002	239227438	238201662	41969657	269601861	151262949	238371114	237010612	238320117	64131906	247021537	49937478	238256017	238811229	127361132	237055806	186910286	35319540	166051454	223387882	223660247	117817723	217603906	229681872	155498579	238138152	230929931	230359892	115272037	225231332	156563478	41402207	237826546	25511232	237972926	238038889	188578444	233620183	243937831	144586958	84891522	236901650	229722651	188529045	258071573	234909739	109696486	240416879	75294314	243858805	169015090	239225698
78305539	197098640
192579918	218904965	130408391
28367220	248504364
186758071	187109617
262363704	270563918
125426233	64191097
180804278	264565987
295852832	283108794
20130283	64804202	30337968
63789966	264375374
93903856	183790676
30530568	291382644	32765960	26337186
160714593	288370030
77945952	41543940
237165747	55636401	119495909
273767814	31050767	143998788	279629091	183356200	20720566	98070886	35810766	114961395	263398871	46964599	251006719	49874102	49672856	244732474	87506684	132447522	31615326	26946770	25612466	137618389	59959483	174150385	59575386	256802118	156758067	33286021	54333131	68901365	261071172	48820780	272773981	139317883	282754584	283762040
53239272	108974669	284912709
98360821	32962666
275078724	279273788
111664768	94053768	103408499
260299706	85866486	280360907
71786515	164593720	271827010	253935911	200045649
23322807	108895902
30270607	20026707	44483860	16361260	19521760	83739980	32387104	232551819	26771859	21070806	24996397	114638497	24267938
15917304	275531303	69612154	19201965
272614741	292484316
158491217	127854398
15115709	20399112	20576754
270591443	65435106
27148095	298345264	291063726
214623087	291714179	222495024	15702215	289530522
218565491	253280836	117531690	245876924	163302920	289962206
170397876	197848536
247719055	236720537
111174861	103577963
276751819	283302609	69956385
240886519	27279542	232481786
141344841	272134001
173644912	157312396	36018572
279438902	279441059
264628018	286195368
295534745	295539101
20936785	21620816	39468212
61794487	98396851
140294559	177033611	186710707
253717006	31419279
254779789	257228519
125784564	206095395
37343734	23030857	168902385
244214945	14982263
291925502	288182579
239660832	291582189
78166688	241366062
48230321	29358295
190702730	290771696	238711731
150663592	289236834	38647382	78914580	35696515	152835133	204246271	84793746	188709616	96361943	127924292	157249625	38608573	83322981	289154904	138416312	205734188	253980983	141442789	143384905	141910059	133277240	70831086	62991860	295739009	296092420
167644447	169418174
89879578	116431751
293879418	272668961
262633073	267049361
90941721	109006756	257259336
95765914	118473496	257120901	187059097	295633719	249397260	231051285	92732341	201355203	173164093	215130112	255505518	239824549	212437713	193283082	229558377	229707516	73385420	228907258	213038255	195984116	112837297	182808253	196736760	273637079	236448864	66407764	209797766	231824650	232415685	228523183	214224038	227355633	136260262	48341663	51905927	116424855	107451803	92739415	190614071	153028140	39519209	104150555	35462672	239749259	64765042	16908192	50032977	67906703	82939864	156296460	67486800	115365231	65805251	63668337	48145433	203404600	30491232	30206900	62911820	68768950	171954276	130264866	60115502	40009793	69657852	69194036	40489804	42131117	46161244	30799245	54034663	51082513	45228392	33667104	48188163	54724422	61639225	53767179	89585633	71010281	152413701	137664064	41582806	173114030	246787695	213099986	117582420	83370032	156033986	182344458	180377965	195951183	221713309	216223472	211625583	18616693	175078682	78599906	51751990	57047512	66157012	136361362	48586907	108116518	39176164	193406144	194353375	94132505	282813007	106156762	85130935	240056000	168805413	65828404	132227992	211578625	158752876	106402115	268972923	252859120	250115788
242613881	79449809
266467078	162799786	233881697	219222136
230029127	229919051
208402356	215999973	96531561	179683387	210797195	179447934	205600646	220010412	185281287	216588935	191926879	199484484	167634659	208683368
16279888	40794318
297138934	297136477	295065114	295293191	296680040	296425604	296397266	294200264	295832442	294411114	295370700	295360949	295860440
242284690	287353674	282450192	279421433	258273053	286985692	270496695	279422802	198606216	281329016
260929689	166929196
24902013	240560574
163576485	41632058
210008742	14155773
21789558	21006031	16560268	49752254	63552977	157817059	164036130	137514360	37784471	45693256	21560778	19905827	33525283	16131779	19906047	17116323	39710305	20974764	18733292	23581361	45517572	20870595	30939776
127675076	292125740	298655891
191593844	281510060
123665973	131004198	127461429	96260702	25972145	132490327	30821843	128040472	130135136	133571865	128180729	91007955	122267982	114186774	112887751	124814026	120440914	86951348	113969894	128042628	125471397	132769505	128171053	120385965	68302376	76507433	133165604	102075244	127452782	132854541	114348676	55465400	39606306	131458947	98820569
246447683	73236447
276496037	276150034
212043660	270499347	263744026	241037569	228129838	276462418	279607576	159545298	266893097	277116476	267285785	54883440	258241497	37077578	278983176	280094726	253587391	52985123	40227424	152792600	228216307	262945283	232386009	263405887	220949685	253073759	272880648	184216728	178744253	62974769	24079019	273131259	96069713	133064721	268441778	201943047	171599866	14641020	14641007	255027047	161310202	160883933	270864427	75033507	280094207	278419053	59818779	240247368	146104896	237822441	158851306	273539000	258498398	187391700	124575362	34868950	52780400	207379807	244210699	164813803	244243382	249322375	250952167	257776471	17477372	25090768	87218878	29088441	45078956	169447805	126900358	277698592	264043314	144332271	41965009	120804623	140858564	158396134	255087781	126997518	126395181	25415120	164680406	141637740	246768058	242945473	82956843	249450659	26267585	264878041	251382988	198725327	237391502	110836570	54639006	29052484	29281773	24080811	243125637	216681639	274910278	273605875	290278238	72076080	62376468	142952977	242792859	251545881	83982031	110446807	114149583	227549550	264914962	276324693	258449733	287442326	25544482	41764569	292433281	135965843	46908648	28853348	172331822	144140816	253183073	23806834	73530475	54281064	30229316	259001131	274549546	223018531	268911248	99140220	30065257	112378158	208945432	185431427	276349184	137314495	185909165	142688352	283459669	138166083	247466621	204458306	69451473	173948580	251281050	231358067	195280418	131218944	168738285	262290782	49691985	16465231	275520660	227818752	221893300	240150494	274779473	222379990	247120317	30517098	220061727	274481866	276206389	273073722	201531255	261897355	238042179	278117437	264524070	180173829	261307253	14344497	266975944	20290501	199177709	14203514	56532754	88003803	61880840	276183551	72628656	30882213	277789089	256129427	247511327	172252889	224442461	268048800	268765457	249542643	14825399	91731681	21277499	191772231	245806616	256816653	52147450	112384079	216184007	46117928	266597097	269418027	46372265	18085871	295777291	19470523	143798276	86225369	31109564	268554691	168243500	258740810	267668086	27465557	188960140	286645609	203796540	252784597	236924826	21442415	90742046	125542544	181951323	274772301	196548326	258023843	280346143	279819143	279877665	249048553	123762268	253074380	237153638	25636196	26029346	252014350	16683762	138729934	134470848	268545082	173321244	55071477	267552587	133902835	291777441	40765245	284601167	282995337	231320176	177482285	34615724	114010546	185222039	188459317	198518989	93792452	218847115	218835122	269985965	201776154	175324265	159787037	160131053	279130958	19001832	36055023	173221848	26388416	257104882	239347515	292857579	286954061	28747335	173680189	89728532	241411518	18411761	42247555	244852040	248470409	176465197	292365592	111715542	193176778	248619645	293164685	263352730	257959210	292384914	256220007	99591267	106038794	33812657	280798237	39655247	144090069	229221228	258317100	121447170	98509523	275853432	68002439	138610907	271765708	200057463	293671862	94708252	290947516	175043413	73965968	38936836	18882797	222765250	194446204	63381653	185540648	216641267	121610276	182296606	124854294	234135571	78520309	271392747	57800394	119173027	289457937	192087301	120997187	272975165	75538283	277716841	212180796	16359110	277945976	219398477	152575567	24223205	86957010	65641927	33664921	37625213	16522602	282828126	29007190	21011652	189144194	238394455	235772987	245308433	272636768	196451074	270692137	97576717	186686124	195762852	113908385	270867243	49912458	229579385	219716158	246021685	225122765	174660037	277993882	246225272	158177633	235313451	103069452	69146911	101850311	162797731	276915927	252159274	266568735	277726631	190546924	219311766	248677008	246986221	78681931	261363415	52946190	200087249	19535531	232036231	121651482	72181057	14161537	10786382	60626448	265655813	24122822	196875699	291607637	291018131	253957410	115807517	231806178	131142841	206311245	85438584	269670600	115446878	131345935	116528192	70816752	136050107	263302673	279581679	49128015	68228017	27431825	170627975	190765202	174438039	270308051	30341213	95785600	229180180	251269621	222171613	34705884	253075218	253489097	128443773	69223354	107416606	154661415	279393362	274124902	267092353	270083971	139499100	273374690	165233692	278912034	216601042	168894301	255529401	217099660	255515393	119640486	198513006	264081721	251450026	273485927	17924123	185143375	24561354	160895052	63148098	237671880	168209760	278903957	276467770	268591725	265776635	244626305	290295826	262133756	125101470	283971505	170823600	82597873	233934753	81465217	14782269	231444266	267030285	279416495	39653034	123637368	259591786	45354575	250386358	25038378	276303377	181472736	46042572	26831368	15502719	59837805	162991438	181800245	223677717	28395679	155651295	16024366	194645091	153881632	15860227	18680847	297899857	254504128	286174371	253856719	116493256	194775927	258509665	249596740	169773866	208505626	19958528	31427325	17238769	25652849	217615071	157354679	148834985	290556566	246750515	22776462	221022853	190777967	168438308	24808046	266078819	42109537	275847010	88258881	182522049	253739634	192272132	126939883	285192391	259940495	219308632	62343030	220687241	16878100	231521520	148179426	210209233	17518176	63506862	169412989	142674244	251169043	73730262	86236378	86870200	46532787	58165424	275155118	47777917	71272569	118190190	201172323	265113586	276021720	259786825	265357332	44599309	80775147	67667933	23351136	215648207	52725693	16648092	238192529	76908416	29644437	30738293	230754163	51424232	176814417	272140109	118884166	32136479	243009308	47023870	14583543	141776510	266205436	255237569	236062428	266929855	264090084	277808821	16090767	30279271	61145761	196511304	254412324	198728663	37815814	273057261	286297785	225641928	231675969	252151224	215673761	97748394	224069027	273286518	273293450	273295704	193364199	222070101	227345744	224003404	141559099	274637650	152077137	159221026	40406264	211977478	25560284	281064236	186974409	28640420	149456014	206767223	181523099	282846701	284104210	20288207	280613788	262355479	182953616	256771166	5440492	130188263	90145753	33452988	190387695	59409306	17007478	24485362	102761309	132547388	292553528	158533383	259912882	99189518	14101292	294037148	290964269	42811653	282569232	254465494	104268526	270893793	223216332	281821301	119079611	263918186	141918900	23451393	155812513	193692319	271450779	265602646	246973066	119131211	249259023	96109157	144278051	197198354	237601265	24881911	150438330	43254166	127576812	196302225	94686097	132972881	25745019	18440603	81985859	99156021	236224813	283025621	263808381	240685751	230320854	24772868	193834605	156662214	111083759	265453806	96487351	17563769	47586577	49348697	241107020	154370112	285976726	72991947	218364597	272824638	258544800	246418321	251301684	256361818	155845356	118911439	261413366	241991735	245822000	204955692	166494247	42132477	41200574	260509316	294661381	288742634	294320147	293999967	90771536	205697105	274693925	260548440	158182558	224420125	244384140	219211895	157323579	236650532	39697114	93487121	166606220	51096590	103814361	60060256	165583353	238877233	142386187	73986605	226298493	27271640	18772703	15576494	18534287	35520133	103370206	91828665	147529352	19737457	14851072	247811779	20305359	167954464	30150653	28126957	15327488	56116936	85073428	107699204	154954161	215683551	262454764	24055334	19331859	90477623	246747792	168064471	190032816	78848921	233221072	181410053	73596250	22577042	15826025	153358597	764284	66951419	270168439	249932267	218786296	46448967	150069779	215156192	120083514	253573328	14425899	16312422	201972120	104238833	39302767	148490111	284257080	28391808	236336123	215119502	200891132	110236748	142240720	218581446	48293256	91068791	193904038	230570269	67979943	236320042	283227706	246097212	228656568	231612418	251967917	35033741	186320041	139077598	44446489	240586538	130876440	201002448	23978832	53762309	206756995	76799248	241174612	16381764	16496431	58156435	74228031	239332468	18341430	58881671	190804002	217798695	28911707	19520006	45406292	238856347	172740181	174556764	169114388	110629688	200251856	151887268	153013137	177501889	17051720	164488114	204380780	215859989	224455014	114710528	202075612	237192634	246899999	264228769	264228601	264228964	264229483	264229646	256670843	218495582	264225324	755332	106088515	37230804	155104304	19691332	41446355	233758745	216304271	252831728	90905825	24533117	61186808	19181549	16175706	110798738	152389419	35563232	189628998	14279799	69938917	205896530	256159400	45780869	23815533	73465491	220502693	139942110	166332252	131996058	203190474	240749260	176315712	121380217	171815550	89188671	15184942	232445524	81921126	210185175	40212561	218307326	20385597	64194057	158262091	173103598	259258282	150852532	207924244	175116860	247904374	19468555	23800007	223540054	231535622	15654124	181153212	99412732	127030142	188865006	249350329	174748955	113289939	175054545	81443372	48688681	217058692	227073195	43237308	245017603	183926085	91609427	96387764	111085636	49718612	202517387	227029460	87321877	218062879	128388590	174537699	166728123	78257206	106877921	212201802	105894492	166839611	45186617	101826941	37199631	219615193	132456910	214863110	185481670	180796465	182345402	153136930	229675551	145618951	256306024	148587486	102265442	24583357	47133874	247357423	182786166	171814090	103636197	245002421	146491026	21057434	247841740	253467963	41792496	88321965	196694457	232672289	165393411	43600056	102875620	252890019	12566322	39591754	196668969	133394204	123065621	69211707	195545956	150550977	75051887	7216862	38925280	51908250	16715586	35767916	139598867	20352504	17420951	214858544	216985673	207576682	15747743	18282606	181120728	250973539	157623929	51425907	179881686	157385656	121437473	245731917	228009648	106949905	22972326	209416396	192236628	58149795	112970794	40016029	224742805	190586896	171709481	105961520	33279602	168889886	54043723	133967797	56991633	36336240	224760049	46702589	18577206	30898870	73909215	16289622	97383592	36719360	135348838	67310480	94579136	96021378	236357075	90376008	172668196	77537340	79162998	147817117	114685098	124788162	241646070	121265741	184453159	196498500	230363570	69187979	108230496	109649657	119286553	45930775	18983594	90137051	202720442	21158514	221924226	129529866	37635895	147521437	153295926	208703350	7288532	77725938	121089646	125331429	91137860	105860187	116049408	155849013	58444757	61503837	230335428	147499260	23174261	172905546	125260918	125376335	121341257	124395088	166073644	210994920	84855892	85067587	222821205	203482564	24703871	59786309	125178711	58044082	86836975	212163769	68783084	15958265	5683952	109147851	13314262	50815971	59111213	28896913	196524577	11316072	118331440	162614580	89642805	116398989	17163118	13396002	183078267	105766812	16090230	16248319	192332269	154906588	85302020	175583831	15274836	161480745	174262638	57594251	168554312	168943315	53504161	68999559	156819648	108456596	136979179	88716606	159331541	123480455	111183391	158035174	110391827	78447199	124619617	99008280	90723985	156702973	71202900	193979110	136444107	126235134	169025363	149338248	131416284	112328242	188149007	222376814	172250034	192447160	64671102	122713223	108299296	169822690	18560429	145165527	113784913	72049431	122940351	120315834	162965189	126595195	155540406	108808407	89962495	118028227	112588866	47120401	202938733	22150628	110017972	27059308	30135051	225615620	185437031	25707034	145013337	135772684	15785068	40838211	157314364	196161118	25169797	161524303	212005766	44299839	16261638	149438912	247049883	15279235	211826816	96307231	63047330	238521117	70774194	49998367	158104132	33420178	66763589	17045349	16098881	49443008	37070277	214414669	43740591	89650589	126754289	52117188	35293850	79929688	184796031	213949100	243778871	233218414	159140375	44568726	152188983	133666845	95740429	115827236	16469836	48320268	51446354	236316629	126550256	20516393	163835030	74236674	229688900	112008880	64293519	109995803	17347401	67201027	229669544	236318007	127627667	220731530	146518263	60744074	87271819	96308224	93677149	148404566	247405141	15749216	148495982	231711788	85008170	254475026	114467024	209140038	109646868	63861876	220781760	36268289	179392792	131832830	21458817	194973377	30841587	39412169	33718372	15399951	18244415	34552289	30546177	178024623	198521925	22276232	107755025	19022242	811182	150724714	23224410	69828121	85466408	128309401	39885951	47847576	60448573	163582516	206077141	134915079	67475592	42217478	25344447	214354733	165699129	219568154	25085425	112528043	39836499	20661527	15709626	217634502	119623806	83137581	78161896	15239379	28301633	141193556	25253084	21117572	17831966	30917871	33370627	14069199	25503051	53443633	6100262	55882303	149728124	32145253	194975337	123869141	178798113	178945673	162586724	174578384	166467392	193062697	194340931	111966379	214253906	9654112	55434962	17927796	207804052	159996321	28031609	85742782	19877600	18722739	48935222	5338802	154708805	278433933	103457965	99192735	103718492	113350301	242477546	218484652	73194353	222244547	199288584	163488859	38748814	95354168	96225975	65301439	108770142	43519478	18182511	65731445	212203440	89681407	92638580	91608553	94577861	114002312	24461721	68961444	213292822	27843766	128052201	109555412	66001746	92949213	18262412	185738219	6734842	283431510	33328619	109671957	93876749	15312244	124026753	22278135	272728540	273036415	127485405	110037951	83919094	19459879	126089692	117598657	115307222	102952315	47058619	98626008	138189465	130450463	144758508	107515742	142705767	70786565	80530081	107088004	147784384	142616932	17581780	226273650	17180274	235900641	19618046	223860134	17394257	96539028	19460869	230700879	18248717	46787956	135456764	140228770	268427454	129258460	89300184	20948569	157379461	26211291	108727303	24923319	32171034	25447492	184502975	70577914	182922474	164832803	116583861	176513467	116568966	29334542	144845095	253163497	84273114	141189815	204444105	123147423	166584190	18933832	29638506	44817367	130920525	5901712	151947729	161828944	18246994	140159652	197294343	110028306	19250651	176187989	211715597	113569165	239567034	170383197	30838378	166182349	207210547	128502388	174537366	181615129	222455660	233986555	16307887	45285656	218389868	84884496	141531948	53930475	28040404	22233470	25567025	26929655	200635706	184728988	173435015	153522798	202261677	33769346	34667149	161270244	14907491	230655639	233250372	217646045	184545722	71194640	195516360	37875744	68207242	1057211	54039049	172006745	174943194	34456417	219607670	242261902	146218190	110855805	90615766	20974444	17273511	16272650	22168877	218443543	139799049	48694687	90050292	14382508	20071285	70652931	122182044	154090353	100306569	96030303	16360046	179302942	220250862	139219463	250193951	192210863	211968286	125209408	213980153	253447210	219187105	93342496	237201702	249688729	178632769	183520136	250921463	246897405	245709537	183558558	206600464	172223222	211012538	243554611	117695576	242238929	197933698	145889187	162354526	126570375	181529455	161345564	135873051	218725289	174952345	228649818	168892721	51295101	64985416	203869742	233736173	163077137	195585001	162087400	204604392	173012373	190271969	142548196	216600826	194081516	141088365	173322542	130054954	202534025	185111605	218384243	219172881	215460158	189881826	59833695	108882851	15187867	145438389	105982974	48256675	174583794	176639051	97122417	62998807	152143338	190291060	166188695	147015499	161995803	147850809	223838495	260099783	279886870	14549601	221611130	23128820	62963756	113426238	255335838	121275000	132813968	33637010	220612899	166835776	22499748	19251173	43736176	123527285	286135395	16702542	193700932	37891626	278101954	34425171	148273080	103682304	175954697	143708803	149536802	257852300	40100158	35644266	111166747	198960270	103562281	125905975	25844989	155690761	278407683	48566404	208122157	14550649	280897154	91687712	271014266	221763828	4864171	245935781	124167390	268185500	116840879	259700309	281877860	208703812	277816015	224827646	241374255	183149630	134179360	66902559	275058548	277453620	113422725	166842821	131618902	253577941	137797144	281876899	133907686	69331776	150571601	193514027	15771146	18332827	129251758	253173699	173054275	66350411	55644350	110075098	25087375	204189223	63098617	110011487	143276180	25741062	38527309	253154360	116158687	76265830	139463313	109683613	68088973	50243276	232698881	276449734	27986846	145745218	16527807	221404187	124293284	135459066	121790377	260615667	47481699	18978029	230084629	225074361	259178202	239441901	242898397	82154425	87369180	239194378	31711836	166068822	167555307	265147982	206092608	148203617	240869487	130901870	262462381	245302645	240788905	176323782	267903942	31173072	197856900	16540406	255234537	261080693	154049101	228353784	104531609	25012316	191333389	219971079	183488790	19650336	76539435	18863927	82968508	120500211	92268831	163954295	256688681	89817371	113365712	87821664	161784103	262447391	161929941	131490551	262452978	151780795	190155842	48985524	179223479	201572741	259066705	124942059	43384002	52085836	250573286	244659393	106767958	31694588	255529014	52838971	91359149	242593597	235192963	121239864	17008328	259579119	241205936	24584832	180208145	243828120	212819784	240508658	221931304	139737918	82943797	193837982	25393674	240514602	134457542	143925094	198529080	227462101	15738051	112268544	124865767	19505248	160618655	245435554	130114448	99859136	98378632	216749418	21863969	241241199	132142503	73866510	244173814	227111237	27206171	74049344	71554346	216797481	110892019	43187880	109816851	29590631	238083548	22249787	138307343	240969195	10814652	243430977	188466891	85066711	73192963	238881018	219640810	172397445	209092806	185360645	215152896	194318885	170993010	90855891	190330120	85874302	224652858	234051687	23154642	197307520	221057424	232815475	16552434	93694951	204001816	232277708	26115585	102443075	225589249	174242939	171816357	20738338	22266175	32228471	21289631	88829709	211951235	222303570	185898103	222766988	82674452	99325018	229755160	187336790	4478671	222711637	82112048	21195279	134169586	123674947	223997605	203160584	221264076	52689846	207617945	14720411	221595383	165083973	156214500	14389132	218193050	214226162	216451183	179672920	118254135	16448975	213172552	72582404	101562495	178637146	18214064	20664195	41176869	193365349	159862634	220009809	212960357	12014232	192787848	154321161	118176817	24720357	203327299	48241519	113140942	217807697	67902518	146567120	216335851	18102838	71861590	13339612	212999488	128222457	100281735	74153376	81037598	130925204	168959288	215388979	24400109	59461030	21361003	55628431	140966649	19943712	140481262	141871365	192816051	117040707	94159667	150180833	70659614	185701545	197339592	70122463	27734857	179186077	122483372	34865747	41609235	210945999	16545201	180502956	151100153	145592392	17203389	23264968	56449724	47577195	17372877	73652284	178746702	180846682	23242687	82749796	9636172	68198959	56440764	204502943	174132004	21707592	66120377	157575913	37866934	84451942	32632622	163045573	59175800	47214110	20857912	162691514	194618632	64469814	49589129	171419439	156532150	20732140	163129038	20161260	27133654	103550181	50551561	113262317	105660982	62554155	43085536	98895260	15645871	88906360	18830590	48575693	26146763	205698762	15838676	258939764	146276390	277177661	109315020	18863315	222189121	231487811	278286871	137748124	278309682	77388250	28237934	235038418	175010693	152796619	143915397	171987844	248510024	273405471	15680614	263418901	18830716	75137401	2329211	69128532	273771404	28529492	240552704	159853609	233654398	82114725	269452085	233858892	258703106	269151123	70298048	45070836	90668001	199851600	261309723	162215239	25405104	21736486	67004059	212374312	216116140	257482364	100337872	69279124	43983294	218587125	151635513	18487616	22314140	246490109	232116346	23364134	232591949	110003059	253275293	244920664	72135569	106888707	113420566	230666679	46381467	253123330	247536014	209944791	250818782	248699925	86549560	228157976	148621762	230864090	223521733	242548236	164453678	16833565	245576093	65665199	243292079	19236410	127553107	207651479	54493958	205993497	202775609	174355307	200713835	38452209	135783478	195219729	168518969	123713942	176606975	26250653	109421808	140930488	231496926	80772489	236242567	212328041	25108160	104026989	28043298	73303965	86195878	45954805	222066389	163719196	221735745	190311526	231180805	192820316	45757816	135333691	172314205	165622582	15600217	219583515	173423429	210587185	169349605	213752101	183122633	23409111	112937151	134901189	123946752	141228627	176192916	144292064	182913603	16419972	173688441	179238287	223234065	48519073	32986693	216846549	147076635	195593127	25580091	177799600	162813555	30484294	221355188	28547968	218809097	46019128	17180464	142178719	194731554	35304880	27533944	215411520	165914992	71345831	96310973	210914028	52975488	180703009	79294815	158173309	101708609	86987686	174742258	177728250	39347994	162557157	133544428	206424745	189699247	208244830	183356424	26756907	14255263	204979872	203877330	191775910	198728250	196179849	58563936	177123704	18628014	53935864	33152117	202063776	133759912	193444732	182028739	189762800	165934453	53535365	193765894	182805726	182413103	123055515	184006519	134134994	189619885	196590443	190045978	137137080	183711737	81589067	128892306	18300375	20733757	16231382	20347670	157001967	43576064	136416672	15369494	95065346	112236965	37816418	186851958	114526862	121202735	116706360	167613805	115408976	39445023	47268291	22246661	176537097	17226172	43415867	58611693	188513041	105033246	185037211	184328970	177580692	145293229	78446884	179279593	16554602	91367687	182464464	148055679	91071674	175790482	185307442	185034391	18593357	27821980	14902331	28331414	176679557	142585230	108107355	37624494	179919296	17709126	180388186	159522228	178074070	39398286	78252817	16849540	176941396	104966264	50735431	138879924	59784455	174484593	125742945	131285394	18513873	16665065	33910678	56897225	151622176	154903257	132377834	167884287	131814892	170929426	120393696	98800107	38267516	75043815	18399603	105623556	60304834	20651510	85559499	128693996	133399454	168019325	121213242	141258205	22726779	138234621	18914991	33950438	20077917	128177017	20095125	30288492	152541525	159567636	163287729	109718108	117943004	16746457	54373903	108330554	41133366	27251729	142249428	121406942	68441960	149877159	89385774	13097772	161550471	16452610	71744940	40834740	111120412	28718981	153051051	23607882	159187123	29873873	158464885	158569424	136843972	122424857	79203723	51018366	16585234	18226744	146942419	27001746	149815436	140290664	136844568	108710233	96550754	46380653	17905825	28601983	31472479	89273858	72211543	90241873	98068625	18786414	16150075	107347146	60135303	9640552	52328456	81427357	59879180	128000940	11922532	104268179	20140706	36563254	15671604	90822161	25197389	134505123	121555245	20386807	125525687	79469151	123108323	18591276	57232451	134442686	123613381	137439295	31363700	89898365	24565047	19797083	111873330	38264157	15410334	126751243	18317022	110598205	54552565	15695513	25897762	126974144	68787968	14284888	125239422	83693427	95492394	29382965	39629037	41585174	1712831	113709253	97732250	117725951	78816575	19794509	70405208	104849810	15302447	67421391	18344958	38974790	89122015	42620867	80521098	19758510	71342524	75630518	33821288	28896284	11041822	46526663	40646311	96469356	46673109	14850456	14164344	32210500	41509482	106804211	43700157	16204513	17962047	17376797	81093422	101846626	45403896	37920064	23774237	28226960	34774802	102175852	38003948	63804832	37322666	19199335	37188645	77844168	26025988	25107510	83884565	65835527	40359919	22411342	65515751	7901202	23567218	77954348	90550532	40218214	16352523	90497750	20755912	24100116	72664611	16616272	59894716	90695701	16483349	39990485	41383510	61431277	15819550	31035663	54804311	40634780	73870528	25984172	73642113	75867439	29681291	64462445	79121225	9951012	17010913	35716249	15470209	55387864	28018672	24536499	38563605	72858117	24601244	28676291	40668957	40092662	17643984	25873356	20127570	44672556	54576963	24440532	80303580	26863621	15353236	25290300	26739128	21246816	23703690	55748658	53801065	67232882	37198753	6452362	23223266	15887107	19572710	38186171	19142115	25965585	21777919	18686823	17006500	15896304	20660609	60190631	16732982	15192462	34091029	14154581	280529969	231521076	157495471	169343758	152980686	252131561	30781637	191269429	283660297	207701117	268991523	18914588	41022086	127731113	73978891	52582757	70319914	212017492	132223511	72217303	183461152	264340725	193304707	70916494	106242514	79368429	21219390	187397468	220266652	230299067	53187491	256754305	262153439	29618162	104881211	166698317	125547568	35751198	26815053	220261796	255315692	31009369	126364732	44042012	132060019	127614046	225979428	235905598	127001920	88265379	41057472	97158610	135949975	46474156	64172089	96918985	242444620	167915369	197400634	44802897	233198960	34933263	149641550	52114630	23080930	227573958	106602180	183650452	211091919	26167227	24093476	46232571	42881936	24645450	208766410	202892149	191302528	93303616	169404427	35261530	87525822	54094058	224494683	101608650	48358732	228843946	8768362	24521647	130461262	115753716	152592854	176061303	140054591	28841598	240860601	237218871	240062530	60636147	145339195	125609708	17128168	131631249	20746875	156807569	178759755	130712230	34943702	234916113	211374306	52254968	265973988	263954428	125499204	155419475	258571372	56565606	90880057	230770866	180595146	75816353	253784340	252136180	110438436	199234560	24411254	130647905	172518762	75560406	81268720	25190142	70038682	27555129	93080678	97081126	14509799	21570835	13286872	239380259	253066185	22218217	246789536	27948230	164322849	164001103	15517179	56397733	268341285	204112896	44150150	15781511	248898848	208614041	19354734	276488108	235822274	267812692	278672559	109733784	215664016	85983397	87420093	253082769	231279877	47654683	227548005	36137793	273897180	161284824	166124051	27088105	52192860	180642274	253790243	97907584	253417134	15695531	193159735	15366620	29979745	213277302	57085197	168424949	182994651	50225755	217580744	38012474	93176964	25861198	212735287	37131258	79716858	178259738	242837638	20900227	91641527	192703995	90757646	115394074	131558610	14576237	108620454	157039859	81007441	43155565	37141863	43987148	60148606	15161281	47062640	22421558	46878851	28447324	16908775	64466442	42113866	15831774	36147690	16611635	20081681	16543944	14887344	18362376	16899075	15615814	12710712	17171293	16991573	213561826	211316220	199291612	22100978	23350990	63608165	185616252	15283659	194952025	83305575	85217129	14216754	24815181	44410726	15735125	7879052	201467713	85668268	17666684	40643379	19413210	25825847	17973137	17588271	108428530	14467906	17266502	16577921	12611642	15970446	171700937	81507834	31332024	74202957	38300374	68750803	117959648	97061484	232679119	212032478	134550035	237581493	185471343	145992466	122596475	124596725	215823301	20923572	84020674	248079724	142922273	219180908	73709018	139219549	139687353	28252297	38063091	208445772	206032828	138850778	6780032	252281104	202107803	73887341	39381442	121182795	20198692	16869706	36459796	58176322	140216501	110661938	173768022	4305181	144221600	206207919	72715220	217773860	161986051	118767202	186878273	262941202	15904829	70393730	20974144	24292018	122153615	30298574	277239676	159733859	116137268	267943271	131444664	17707340	82107028	101774101	54010409	81635578	181923189	123686892	218778335	165593389	86259218	150124148	117236393	127448134	261339594	95104390	178456248	215152095	212827556	216170279	55498215	75352925	17137254	229807541	236220927	133263044	212741622	128939654	45350509	76975713	38267814	197537426	201985209	21161394	18337264	58907673	239333526	90568911	236966503	226715102	111056402	218335286	219790225	198919393	214134376	87872551	201606133	124120438	37785392	14180448	89696456	144604423	234519346	217447691	78217849	212302340	115063033	189795315	22878627	17727842	211100119	66275971	23664510	15787053	17574945	54716721	51991431	18526946	18761352	26216948	80286900	30632629	68180020	21676255	168856719	119909797	170076481	162416946	29674962	154352321	183002498	24398480	18474711	45881744	27117464	27812512	15786795	27768522	14991366	20107560	22278762	11341332	17035026	22491695	28542721	34007097	123894955	24898683	18279491	17072513	17095138	22423078	14359747	76299879	133783310	24209447	14631638	14503541	10405152	23548317	898491	26539097	87886096	33778988	37965069	39828896	52092606	26955957	14986811	27003119	15195171	19511386	16468199	18468289	61897928	135925296	204667402	16546592	273694730	25154863	262857305	235488090	148891227	63666884	154654719	80910249	181829027	140219717	204612455	213690332	223944770	221521091	204438455	229595546	222487886	101824385	22947128	211113794	174215784	18414159	46786678	21460496	213840810	108557610	191214979	71533670	212087722	208412408	171994605	199624094	160100757	154980142	137819099	173417868	147170929	38541154	164647761	101871719	184390623	31029484	168981399	167458004	99345593	157516380	43345252	52562647	22921836	165185762	119329846	111238218	17897027	146358409	18938135	101622374	144917033	144544314	54877998	76289403	18326854	19551112	110013129	19971154	34092962	9890492	17139109	18776265	84045446	78000879	65916042	49320629	92579928	70419617	17819472	23993598	55121922	262286258	138872044	74213298	44985787	48660269	220431525	178910335	224917655	218736394	138924469	220864686	216556124	30501319	188741470	195192761	27656345	48015450	139436379	178800781	187302327	176013108	171200643	181618108	88773980	136395153	71349991	65454620	30913162	115542883	175610530	26134913	107552437	69552155	25891307	30812377	99811835	18464181	34878640	105671287	20741831	155392675	88265548	14470596	86878273	72653831	122477497	179387028	193893312	18949572	15978225	18048394	262752267	17361295	237193691	139652305	241273903	12960302	277607032	15589593	41966080	117272475	251556226	235313423	18135058	275078231	248834926	224385752	230862025	225634205	238467136	22592596	111992715	246225226	175856044	29775116	240854050	201344191	27592816	192709407	175480284	100046297	214317355	31026810	199288125	12992802	230314512	18068152	53282345	137622383	61091715	124324005	220955172	26767496	209529382	212974171	22686121	18118740	86405997	190735363	35087035	194158149	29974662	89897561	95625622	197367130	16536215	35097742	22032969	36585780	91746138	119160384	16453965	155656644	65137221	199120161	21259003	37365001	86277174	15786922	144352073	18191358	162146576	46288971	153795037	169547788	17177164	29685149	1734381	16819278	241340699	234983670	261390301	234895094	270003768	45430427	173556902	222266163	18196308	222719082	70461418	23563077	186017221	110863694	89787930	275767262	290781168	278075705	240465152	283060914	50480950	108222134	281807105	268534428	227160651	269432426	220674973	236366079	160251111	267388683	255299770	227742685	68660842	192475655	24357784	237819356	253466612	245413341	16156657	21323094	18838540	64803070	63300896	283635276	60146309	105730670	30891345	54521114	14807294	16737437	18868316	45325362	16832044	18066326	17802735	18794094	18171314	15831817	116501125	111732842	175428211	192924844	115994571	75225190	208832791	99263888	149458002	117819670	49859256	53698677	142819858	86089775	100076980	167361946	61054075	26341535	130085458	24350015	154735094	168173777	107837484	136123907	26453625	26296758	69895721	82872332	274176272	196984128	229391604	58115899	230826096	78106692	156381381	259597539	262021018	264710433	288646614	285506591	250394250	22916596	16603962	86246470	18876233	144228580	114899946	66309171	19147234	79100380	97898613	80631844	64756302	82637549	141596145	8402052	22483030	10869332	141583940	182047169	109569992	38333888	66176377	248236680	194267112	245076874	112043840	197806479	181032620	229640409	65428529	98403932	113508007	200885527	40921736	24249686	209310783	191274945	57363659	26941178	27628232	43848857	44461376	63210735	39255826	28918095	95474334	28570563	32479521	33398901	28721538	131962317	35364971	141012714	143322253	162188950	47376591	168396727	60219244	24772934	88622080	28354730	64960088	23894581	75751109	58125662	19845100	145159487	60352468	41226101	160571589	105627252	101578775	71134961	45090490	60771456	74587188	208371779	78676597	265062616	238330905	150417161	144002737	131813619	174400418	220480938	176221810	233270958	23788252	34731437	22770373	227690699	276841928	106986200	195692346	268751434	230184837	248240711	272858608	272872453	272844647	261324463	203084347	224663292	224586292	255954147	226901104	244026565	109842604	226905388	243757297	225052487	226903778	226903950	224673083	183116779	167351211	17122599	51540071	191798980	40766182	48864715	122960115	50547996	123692680	221866054	51123894	46860582	193904190	190763074	37072095	114370570	188653090	188306211	63923717	153515551	277661891	127112233	18483871	23335196	280826651	254570141	177931290	124572783	16856670	59496915	17627344	269401875	181963676	244702046	260528049	281884783	219196973	164139122	175008261	261583181	112349592	113301765	239884415	142381123	117365297	27098089	20817660	180081455	140299586	69490214	63063608	213541981	35319164	155603102	30901799	169051492	106375253	172477733	86067848	35374158	63349406	232324606	197306657	55391457	238642818	183104222	89595261	20956429	217424508	158510845	198983782	210617477	220926767	24405980	26799175	42490169	107476658	180533945	214303898	176908923	99647395	210950287	22950203	21994271	72418967	35513828	160407145	93788450	164485137	138847948	182688162	66613790	92906941	99524604	36399484	171910256	153744800	128993730	182646181	177174566	184664879	41303263	45954828	99080110	61612087	38996543	165802132	188147393	45517503	60401740	53733556	231172585	196194188	249547150	236467649	198756585	256741424	198860492	251134798	175729841	125813855	153104545	284942731	279941763	266581554	265291236	168180097	283169739	151945987	196491175	255997601	290007543	278075343	271473456	229375142	279222691	282443581	269977196	267986176	51828688	268162770	270747434	281342330	158784506	223231071	214290096	41869227	34075958	229897407	69991836	195238719	174156674	231531422	187570007	25317409	160810275	190029832	153502840	142291041	72822155	167300672	75112612	76266300	29706808	164191031	267328156	97339227	135410318	100183596	256765795	239477162	167078998	111509308	276916474	240815071	224117581	232276959	244770038	138628895	206660507	15507721	249618627	242625087	229255063	180325138	250521819	235267321	235270752	76022758	194484968	204009697	157765776	136242193	153033874	220190718	141243524	31923368	183477761	232276205	230880692	112901384	37731445	27338439	14743399	257762563	67250285	98364447	19987632	72518620	60403706	99123713	84240622	65574375	16563471	16245896	19366844	20588598	19912933	81696803	15770715	21971524	62956926	82994320	249671462	171737486	159302616	202431770	74436561	55982709	45480461	40697508	18626154	15295602	280823426	32559327	215750398	224806546	216297730	23626367	31590081	51536890	26533325	26283035	26539771	26570355	16544774	18534648	22099444	23490526	14651412	30136680	25701098	23891381	43638282	125778845	20925717	91374872	18624866	88846356	184802014	185713684	36167384	18258085	18880836	27876548	244124554	29632619	17577944	201518860	189173183	282783918	209929115	14903171	16853793	13813212	16061242	69134006	286025018	60649145	105965064	149642749	38674410	211544523	24903831	222866138	157167528	174119651	174218335	88618493	154919846	285589265	239020684	85815563	218199666	245441630	113311342	26118186	165062394	186934738	68953477	294677699	227547775	273810561	125424297	284913850	94283112	269276341	57135222	144433643	247062249	46618295	178636787	153563696	278874689	276890843	287049757	282249962	119821035	127027113	226610036	175344254	224540431	226848974	175243922	23327610	219212864	104409851	134559963	186751481	224816651	217248972	194385770	74041951	267204632	133650541	217321921	14160697	214314148	159534035	133348387	54661353	74055585	290002921	199497384	246161173	244539678	41134865	26188132	267004251	35399237	128242129	125144536	177199569	283068043	71799841	135533699	198775704	193496588	240201200	253571743	176760867	57627428	192112733	151714681	115105341	149800575	53335403	116502459	59591439	171560458	164795418	79024536	118825323	15813774	241198515	49858790	169541626	223752230	90061525	56507795	222485748	27753611	187221713	169903572	266025361	261661292	237044239	43676099	267347384	264055869	224997980	235859837	167418123	266825483	115610503	260666987	260657485	266462300	254506826	264537379	262534777	237039009	176620649	184152348	248364445	194085992	93549698	143623229	17524927	245794608	249471079	14844715	28377715	99782750	169822261	269054509	205556481	42624566	126601553	82211063	276283555	276532109	159001757	240605051	115916578	269102809	123491250	38613804	196386572	42619180	21014366	265844328	20488393	68455250	242910873	14400462	72177909	62566252	251160928	59487814	227148192	266744973	262465087	283170687	214598104	287394259	289277984	258270440	258814936	125336170	67632351	109161156	257626721	149329438	234869209	15950681	80160182	240107194	157240820	167916819	256504702	237482881	219473225	249330205	248509076	281715768	196529548	196505874	196500408	196495731	196975458	196958237	196516158	111287493	216617946	215930358	32520127	51730255	54675157	19245122	130344910	279871542	102136965	88308083	62497680	155689793	273691057	5449422	16429977	5656402	245207780	193843789	57843997	59304258	18013249	23091280	259311231	235317024	15520340	25354439	32361307	259667994	119932549	31136859	244347709	117903578	95192888	203986643	204528911	87696410	55157836	16672255	74696171	177808050	24147232	181925782	275044789	16994294	18867497	99357584	167043550	96023159	34486143	110130319	202594439	14118566	65114836	120623454	123751738	233997820	212325008	94689074	263783214	215639006	112256817	275197858	100613776	126414534	272002443	266707369	82021659	35779283	92340896	49547049	72212786	39200048	33957990	96895970	88196346	24828959	87931549	90420223	37386050	43998432	64352477	81557790	80645996	66849097	96701336	77485367	75092657	92341994	92337972	92332012	92329227	92807829	76140872	92304875	92296639	92219443	95854229	73936008	95434558	38830313	24659373	82288276	92335705	17352423	17773953	19790783	78001556	817977	55236354	28426047	39227875	20961778	57700404	36110149	58644114	25898134	12666842	154275872	276907895	218342409	103817109	146160168	43500827	60970060	97822240	145843221	164339792	124074694	4495931	268041661	32576777	246898175	229453292	288218388	280925885	31608463	272896034	40111238	208563252	224572834	212760731	224391728	224392111	280875098	280894734	253605543	167035309	222679411	117640190	112054875	55321704	25840099	97265251	180857179	242678431	30315414	153521104	35515648	205066686	244577585	55982193	203175998	179437165	273158305	235585935	130681149	292072851	208652388	94450766	48155096	105867316	110352811	161529332	184669157	126543999	27022925	211765562	46200951	160718204	218966056	216847588	285550348	208789485	214203531	24550277	191209718	197414805	260173813	238183057	143246389	81472868	72654160	16345634	88487331	173085593	217867024	18944002	13973852	259875956	222894236	18102609	59564726	35791250	244766201	253605055	170279558	125496330	154426206	21251519	245586089	197568834	145635423	79421723	41735526	40875741	226338352	268126128	144044604	166418150	43119995	137778051	218418251	212057620	205000696	266778028	19386316	223830147	199873686	248879099	280903573	15424778	197348599	88756097	98564665	180841932	46338529	62576224	110008689	285644430	262886526	259742341	158663247	241773893	131161047	90518657	229955207	201762709	215727652	217128874	131223907	77652905	35341639	152704702	154627779	35383188	92033086	19897075	19519595	17994930	15949253	18932164	267040623	257381863	207572271	36116095	107953292	201217347	204191806	190597927	194018286	196993027	48081908	121698903	254858221	157858384	42578945	245094866	175570413	254240418	88727975	196929450	16506186	114224049	19908319	98726248	238261903	119541447	220660878	284206134	230421707	182615740	100424053	163528238	165806020	35067421	37007603	65201688	45900404	58636825	186744330	42708186	141425658	259037419	67204771	224591171	111059599	135331478	160221790	84749406	183259971	177618179	35536649	275987627	143737115	133599260	115736043	6232242	258593097	14953865	116152274	54779857	34902334	66879110	29404038	274550872	178913682	258110826	181761341	270118609	208303803	229534779	133890919	51158710	123988228	286210861	261080613	15405328	17337907	14376012	93049372	115108235	14367248	17643046	38371008	42803500	250621937	262476465	185840795	158035467	253251582	155313353	128105374	59825939	220342684	233566151	59197928	21864875	35747339	15122461	278537949	226343669	166803965	249079443	199221767	97984354	47945698	134326858	228488953	161584263	270753030	267032166	222051095	269905409	222235051	186182765	35772646	43260119	225961799	264065985	216837755	83919290	283137619	289679593	270750178	16586999	57971253	272055157	287848057	267958598	61061460	242469285	190374373	189928554	274273941	255988600	232681577	239410685	21904953	256879413	208948147	221878424	256288010	210884471	73110568	298820131	101082280	296632168	174775273	214952132	75389679	114420052	108311216	17977034	114016995	15019740	16494185	163865499	233913742	255280653	250347189	40846502	153642333	134297781	35912815	160201625	180923086	234206159	244759583	49156380	173547052	16900628	274585581	253776048	177270256	147043669	221602364	199764212	253422875	192596554	103771731	176381502	107621747	235319539	219300612	166485215	150321278	179230705	134704385	32960909	57007584	109110360	27471405	170569951	130383408	129977113	202001056	57030599	80739469	266663094	171021080	243704101	202532977	28992244	261050540	114519184	48439478	200238372	229998097	278111224	20542456	271079720	252103112	257152117	278283198	282132769	120382566	265176341	181681300	286672007	109810057	258384318	147179157	108567908	231341982	180537089	245167786	266549776	237637285	14502632	14413024	21434725	15232713	21013876	18973863	16692771	19372652	17595125	49574454	62011698	153701942	118714696	55994376	58841458	127288920	120146229	24959841	43732428	30689667	91668669	229604487	264709844	23057976	198316232	114526237	240000418	219337066	96280185	23877082	222868542	224071455	266965118	188570668	143326111	105722514	222482306	21784772	203492128	24205292	271582630	270109338	273732649	210043600	269640224	170224835	50111363	234767753	115545134	273676922	272196690	271585749	270542858	60906516	257540177	270896425	202207002	261745015	258230465	242210812	251486666	286368496	286774536	82408973	259414578	119362627	157462505	250827654	21975870	79764599	40160595	39530150	30224702	167700350	19439454	94019366	220154589	107762111	19113362	16084849	54489535	77328120	18532407	226089360	264115409	30961554	264886130	16896699	7367512	30070014	45589233	33271488	295253586	287707562	205560044	251535016	152413011	235572386	49365472	115624836	232713351	14212994	272202065	252759457	41175033	250047152	218945146	34152439	17219108	28126216	229663117	291136357	121311670	155303508	236415642	84114906	278279134	283153009	282572398	292442607	65675504	283159910	288728873	270022001	288640756	194250445	279942527	218883873	283107508	225293269	121929179	643903	15221902	19724378	18016103	15520554	58311416	286447592	55928951	133612468	20509988	252105705	208636887	19374575	264651857	18235319	242133577	135728240	128320616	209611255	214661938	122527062	175815396	176511918	176806245	268770919	231948280	227573417	225988986	268366600	121744081	133897973	24989789	24736864	109408189	83220189	64612944	49615815	242837842	18860342	17092592	69202755	20355327	16081399	25634203	46199806	23668206	178067675	240843871	261933525	14577023	114073278	277334786	249099581	274551740	209382200	234634407	288631554	257366925	220973344	295170102	270530213	291983023	198782142	156587228	218861501	241408691	56706787	182466358	28881601	232158403	248407115	30642956	173158325	179785373	161962473	92433301	41798484	110046331	38723505	24469441	20664856	19010866	13996412	16920080	2241221	198669030	273051398	230024122	278494797	219125895	14228300	96010232	22377025	64755295	160281503	238829726	248521848	130619386	23722620	46970901	19091542	15756049	21049747	240487653	238826762	238384070	275038264	274416055	201919479	18383106	25770408	57005769	73099646	55062129	12094002	142300344	16259228	221821127	263912856	217634501	74014041	49791309	177584156	250691029	241960868	103316756	20439040	16232940	53678140	16963799	17989541	5405752	201429995	7597712	154440966	102383783	285743536	192559738	253538393	14959345	208823573	117701129	255851164	287363635	142300484	103123501	106065803	70140580	215763538	259024414	16118540	146354237	48670050	127581964	34563857	241782257	230253930	113599185	232195170	285748706	122662393	105243962	270935518	270028150	204597980	200615980	220057148	24323574	157215014	18769858	195176121	141713583	15786482	16658021	46297323	124303974	258715397	242497435	224577226	79588270	14090019	275663474	155568898	254004695	51891575	270114670	32277218	276576335	75817073	97855615	208227794	223943207	259123873	40983286	261514705	128298917	226508798	6822302	16220374	16044047	18338831	32688098	221588240	122320209	13385612	297234503	259058612	27555264	228748978	287472045	184106855	262757642	287260017	149760577	63921216	29480260	32201072	146989565	159144566	25192474	106526090	188503672	178989809	238692931	102374282	62994129	33148512	33971789	102848626	282849313	259891575	219999162	228986882	78190045	255294666	298479553	155174363	25701822	14959062	121296694	59327517	109826139	192567622	223134684	134946662	235306505	285834732	227077188	167750014	252237249	265057757	267569812	231570810	278559766	21797509	20604040	246424221	135066337	94747442	238648024	142533923	282995922	184238028	111739981	71965935	136396265	63256001	22685539	13301982	231003217	71043340	58747150	80441410	185039684	132291569	89022461	71583698	131235578	236738600	195780571	100984136	20491155	17750395	16656453	19220417	24139372	6149912	109267587	119196878	252740425	233823667	36711067	83620204	156419312	41101644	290614740	283537075	39101581	263904615	234075525	165888247	251537735	171405925	270905831	45265771	44921990	14915349	17556990	18531802	20895018	19962605	24016129	179030072	101892149	50866160	19718103	287361794	291849781	266954068	230050560	24387716	53961035	272092971	114277810	246661896	85208280	168076200	52496984	163786515	229079712	279916828	197324761	226995027	56776187	241629948	133602436	14352156	158959785	238348728	198267460	153470677	91051931	170772657	294916416	191156858	23389089	21996790	77131560	23145495	33271302	39110488	197459193	42481794	46324551	273299675	231172273	253417202	291923735	55433081	226084988	287735386	90787869	203693856	277695151	287822596	242333910	73327612	182303997	49453127	205879926	178131060	220419374	195076362	263104024	186500069	104922757	234974696	27435858	34486232	239256778	183740007	186236057	192992069	204127832	235396158	125464406	182555833	200254272	95775832	166165686	63992054	39567493	170535028	269628558	292557592	235447853	253592730	255544462	254333058	243029504	279745370	169760617	74305135	67982292	36620048	260662343	273144222	33142257	24490977	261285851	236855500	196463583	201074012	104707093	24788854	29914633	208909196	159663007	246066936	234138911	267844771	82140019	215984579	199721895	156790387	79583110	254534985	164324778	157769077	31159082	269398281	19155360	105429937	201183206	156557380	189495260	265677280	54718503	261115731	137787446	296393648	47081889	244615651	262961949	158541659	147816020	19758708	106473934	18020075	213677480	147952903	282100126	255652609	47498430	135943812	182040558	207730312	199672136	174870438	70495393	268701755	86765373	257742223	267152320	14242942	111073764	39496172	293266191	216853489	85510954	210357424	136139080	91351303	207352235	144496817	274112954	273299867	273818044	137863418	273303656	273301314	201622459	273818789	243193782	277123188	58020466	101208938	46368871	226406603	80765443	68615267	289174846	111075242	131917366	218888996	205287125	272333151	52748345	184348588	193970433	193266989	96036850	135422504	162206300	237489193	266265172	262153091	108350879	70886259	101704254	21814095	52586761	166917086	105663159	16446402	234255302	286449136	264058984	229296348	167228020	69924847	269733697	26629129	109242858	279392755	261806687	23467432	267234996	251527794	122926839	253537651	75611716	292398483	64950687	218375995	188045362	272870464	278054303	74354098	274228326	253487642	241025121	234658379	251522942	249292471	273243479	201049010	19035414	214941533	241987341	160320450	58706305	271269925	41479790	186267784	260103556	265277599	275690969	191870065	31638398	190921905	260627531	259221770	221190934	38856166	272432882	188396121	74504690	5962712	95249178	231192437	241131678	107668535	63212691	114872699	36104376	16186325	79591304	62477224	79655100	118181916	48055236	62382288	191448911	56995582	18253644	263507369	14281853	159632720	259974277	146111358	117274806	280259891	204590433	211865882	276580606	274805544	274769908	256665746	110776729	152813030	95485564	228967720	246044933	231947860	254927426	97703457	21099936	155776984	17221043	154986337	127031118	24406659	18830885	139392425	38124429	186275658	271076216	18931300	74686270	17784957	21592527	17076876	19216162	4798151	264403423	31353033	279314842	279242628	277104245	277102141	223227025	255607479	275497890	223220134	274675225	270309169	19554479	270845549	123130128	173368477	243620389	64550335	71772900	241276588	251779197	266459216	264259277	271438483	270524965	270677394	274357123	118357598	298822052	227404950	256274575	221338016	278707620	215343175	213954947	131605040	278163565	80889677	257784177	76026222	51936157	32347368	275659689	276081411	274054384	232993470	165555585	216920393	251546312	275791228	264805905	276136331	275051178	75954105	270944095	270892349	278726906	219869986	135747680	85681491	274489837	272562985	276227872	276178112	247293288	153756753	24424033	22837640	284562605	14840162	23812877	62415418	92918008	137522626	107628491	202011490	18119776	272334811	73428225	247892951	60058441	251547806	272870373	130928075	139754706	198567661	23155186	244996792	251351047	174245524	265811064	268063306	56728342	89286956	266981047	265986745	165931282	242905374	275576641	191521732	128142437	264304921	268522021	155806188	113131330	259579574	41379694	169213331	240703261	16818325	190370497	232273915	233791923	110288697	181233139	123461424	41609595	148034545	279303084	270940502	63499255	270099076	19812133	273366887	202130591	222006430	273221891	233288236	48649566	257377790	267618579	237437473	265623174	249267825	223544454	275602455	66334824	275772730	250827148	272341131	222361375	271396263	125335487	278076858	276257634	136580566	177374903	255974221	148674007	177732896	72218449	183916468	115566965	70329259	253078875	256375046	41334437	43611442	36808015	61187345	98171796	103574684	222430358	87627091	118623234	95969564	276954802	33058255	272690960	257022180	57802085	216410629	18368061	110668849	288663756	288663492	230467351	294461416	262922061	76704143	64903817	16115590	79171855	253073880	253073935	49615605	274771877	19330456	108454374	204435725	153154361	203809698	18824239	263614571	182153260	160097143	278063763	275893779	290066836	230900774	18371068	272870259	272869940	70156027	253579718	20424921	122513445	32863252	294055416	64386624	158816093	167966463	135754825	141982193	270718187	230337083	77590445	258955022	199277469	182165751	265051782	102658641	99674761	163498789	260603737	20510131	104951936	110782675	205015933	290250769	278980391	279529051	278178386	208075211	257523924
33977971	130377151	42131366	265149921	248010712	195784547	26578736	179394382	34951303	29931508	74218428	16562280	136027650	69056079	19936809	95532556	131216452	14528814	15577078	48377326	138554295	21469681	16329605	11741922	28617071	235456061	231220214	23274401	85893872	269993383	265793599	98165955	30318395	138909804	213309792	18755206	152458611	41517881	14192885	10643582	84960499	246648928	20722867	46010390	78198330	9507822	23910657	12926392	74300447	73916329	13748412	53575510	14246929	132680990	103951773	15075834	47352247	133432583	87105499	22947605	49841105	22025685	14665295	36010184	20697914	130417324	20611433	16598767	18817387	18020652	64288507	17978336	138635907	81952244	73182664	22325824	137833681	31547129	30302477	18612574	2797681	158184487	16902782	41020404	89264878	14633947	40264104	49647670	22044715	17217909	102123266	22880352	17269999	56044824	950331	14639051	1948021	279241523	4243691	7832862	13157	46702464	6372442	82894675	79082120	68899650	143979340	20210728	101598161	15445612	17540715	14299285	17134433	30475056	126381357	28207700	168804531	59540932	69459319	73434338	87164994	18149478	59629955	65095520	105840677	105992707	102569325	56922905	74570646	19409036	92070775	15627217	45767367	53255308	45504178	28508185	47183832	14751786	12511262	19929696	25085215	14393667	18692548	18328234	97721242	85749383	218571357	17951583	187729145	1968231	17048030	88063839	178080646	145295493	123918234	83742788	88003072	8073492	20004697	83991158	21770169	81162584	47421079	14245420	46052637	988491	55362800	21801569	61321086	26664635	27932116	32176216	161334185	191987332	20584700	17899854	52098763	24712664	76343004	25525009	18385161	248922402	17296920	2030101	36316251	21668930	111682573	197502386	176469801	171258120	151607765	150766555	14861600	132086033	69941209	89755963	51319365	16291328	189394047	33609131	15042031	55375464	20542266	233624030	121623066	122491827	7547542	130569982	70401836	40073004	23916513	45976653	145527875	46145221	48408503	115140241	14167912	54997065	14862943	41673876	108132390	92216823	14166358	60998136	225267783	226504897	92597889	86176450	12241752	17553397	16820748	46206701	15028216	8362632	8937802	245679198	19416807	22455774	134241989	17247291	229525225	274681499	59335961	40964406	280603187	15112369	51339828	41394366	34545952	17761074	28744419	18203323	49853779	50386100	14457848	59390650	84123196	18202872	18432029	191677847	188919725	55865673	17172236	14477293	22687255	5725812	11134232	230869825	15458044	52242340	78705797	131918384	21237335	19642012	12309692	57947523	54368387	50849774	76188971	37735136	74220850	253939856	14353724	1698261	233594245	16175465	26441581	19845724	225206029	65293007	19712163	14580698	240771643	3066401	48285448	49139550	781053	281541767	25684408	14632175	758065	12808252	11692002	159859409	18542875	18278452	46235614	15371971	111409800	43186419	13480052
96709259	257658866
