164593720	253935911
265584815	283751411
271483064	271241574
230320854	45430427
282132769	265176341
130711947	55460169
257819117	26586619	79218153
268337716	268341857
158663247	131161047
271450779	265602646
186391032	187872150
104268526	164191031
285442804	283759809
102466337	146487467	146489739	145794908	102326616	147496209	161685243	102340836	102471310
221643624	253604117
192316299	20565476
278582810	278640446
136571761	293850263
98534591	22170599
212806534	295310353
144213292	299086998	247630268
137823540	141721010
271651035	159352138	154279509
123438457	22258796
191399297	83997865	85499846
132279929	27376493
289445453	25785547
264058984	229296348
265782924	265769085	265762802
270922198	208574826
15042218	67358482
257218179	187873512
261850905	39919046
293668689	231959113
153356128	267221822
238192529	118825323
199657418	176118608
281740766	296120440
31524923	30589533
248383580	254390907
271747331	260102125
115116351	78380070	19266805
142674244	190597927
171018581	250347095
243665250	106436455
196548326	280346143	279877665
240093574	133958135
126388656	120865928
271078279	15753176
251352839	221331554
172034640	140481695
84871848	105892164
184191672	172829249
256477888	255709701
92178045	259635899	120059018	129130495	113789309	88826418	86219843	61996971	61997654
140643083	169256408
203492128	24205292
196348779	16799876
257395698	257431911
296291342	46408722
151555179	66777642
76123442	88715817
235049881	288751232	278523614	250557755	207439182	233468660	233871554
53513591	31767265
102444282	31496437
68292093	146174803	138065075
286297785	286368496	286774536
18452164	17259796
244811133	291464775
34115440	281452418
292032452	89841809	97591079	89839783
62702242	90995373
198217801	260283683
229609753	197524699
40964406	280603187
49453127	205879926	178131060
251779197	266459216	264259277
174920515	56774282
84939658	105398963
194286514	19922979	20683332
138744796	250262569
160502853	46922379
291607637	291018131
19197471	19916542
87627091	118623234
23960307	97236597	20502989	92712288	16025196
222827912	167193928
88015767	27093788
46372265	18085871
292296108	228553720
272046325	286873028
48426722	274746820
265623174	249267825
199497384	102136965
241276588	270524965
273520386	269983639
77132181	26344093
95033102	73658386
14915349	17556990	18531802	20895018	19962605
256677660	257226108
105092929	241402741	130411500
86972233	123311971
40015906	128483107
289282110	279397955
20551782	92893155
128908497	128894385
54368387	50849774	76188971
286824724	286965755
17570129	20544061
276732271	39078737
246225272	124074694
23140754	280664490	198777633
278637741	80111889	156587857	89810506	228430137	228424929	276516733
262379979	29610756
56995582	18253644
15298303	80291006
241408691	195780571
267557625	188962529
184040851	112900134
135595192	131649511
194747523	233562964
173513879	216385346
240557342	198651940
246521131	248665546
47553866	59226901
33664921	49128015
272665188	269578072	287953703	238981260	202796591	149330508	257554822	277275471	274034138
24223205	86957010	83620204
282114479	78370680	288428487	299378088
132743624	39525887	71464471
98165955	89264878
54369950	266265701
124329690	278664283
232244530	180768411
14757875	166616864
255332062	243048389	257038198	245713156	18593849
185540648	194018286
25010218	82821034
224075905	71771438
37875750	151198722	39758433
249633492	249688592
211722727	187401143
237380081	264449915
250618359	272000295
246161937	185499599
95134351	20344996
167904708	277810172	15875125
119251740	272928129
70329259	256375046
97788928	287957501	187254514	27735840	28146477	37336592
242426890	235646669
280798237	272092971
273818044	137863418	273303656	273818789	273299867	273301314
19043536	84837346	42181964	106371314	23005142	105921204	106109827
218628265	274695740	77026097
247526957	67197576
128394857	159001536
81503863	29976858
253306594	89735245
230467351	294461416
61581112	61709699	62054489
158541659	147816020
248391519	18506379	291307982	89661083	98143987	283960032	273020242	92536016	260309656	298116711	249540883	70973194	231406519
286989303	285586028
219686893	144985049
291001461	288771397
14755937	90064638
281651301	290269664	130998343	281264563
244754597	242764346
218835122	218888996
286042343	257402795
21244281	77131442
236005869	38698625
216410629	18368061
42445399	277134749
275753565	20079091
128068361	187555498
215518005	41364292	279177139
287353674	279421433	282450192	286985692	270496695	279422802
209689641	256082766	152087402	229197176	121507404	41373198	56401904	184775732	41732225	292388786	58588775	33257966	186538858	15825747	284911236
256256881	207893373
24135515	22341326	21681670	25831882
154381366	284855063
223227025	223220134
215493844	172049179
116104419	253077624	134209912
195042538	260396813
267824657	269632395
298331847	257471514
59755648	139141495
170372896	178337497
232107918	248852910
80359354	155077890
157462505	191870065
253800440	69721102
294220463	18342626
245936157	290906733
32387104	232551819
191332253	230433424	54716366	239053250
286645609	230421707
290893972	257722998	290742465
188960140	74504690
168243500	267668086	27465557
28504806	188398831
287524925	70314179
282109875	67100053	283250452	266703689
65149619	278572642
86225369	231192437
234926588	277379984
206418701	78166576
181252702	236399814
264614504	260147997	255860814
31339129	22245090
20296417	81614972
181678904	46682699
136819538	128995047
233911143	197345909	287870272
244353563	211948625
106038794	208909196	164324778
255570838	69663248
141536444	203940289	178403701	169688690	205842064	210481215
102622315	176389461	210119183	115619942
124351321	10218062
150967023	202027548	191410097	225244063	223916494
216184007	211865882
259306752	262263855
283969757	125526003
234075525	110776729
15381905	17399078
282741723	282209406
284145172	125598944
210797195	205600646
211269295	47176406
206485192	180740006
190396112	267766957
133576442	136149558	190084930
269694744	289326079
133455494	77941880
182466358	24406659
17807191	241079632
40548212	55723289
292730818	205699645
74266571	231530753
72142091	66308035
85866486	280360907
268048800	268765457	269401875
16562280	136027650	16175465
186267784	38124429	186275658
131142841	206311245	85438584	103817109	209382200	271076216
17184930	31215755
50116867	59796100
247511327	23722620
279558434	270150441	275633778
195114061	180834549
276375901	233879864	233880116	154251652
272415376	271748425
283130513	275279624
237877990	237818090
14189914	44350195	20833217
269360471	213695320	248373282
19506898	177675475	21184601	62480401	220969862	186125373	179618904	164850401	72934914	20039434	16804482	21106868	252176689
133348387	298822052
49167424	28394336
74202303	80731697
19643660	7758512
231943047	89341199	97148828
88358213	282328416
287260008	277737135
283786611	282852713
22527375	165587491
159593711	247387633
168738285	95775832
270802864	255936268
195280418	163528238
253410858	37188862
19620140	28287079
20135489	14901409
92683055	66242975	262483844	165715009	198606623	261248422	65274380	226879834	233291437	266308070	221619129	102361186	137641058	251214066	16377817	130229114	88139088	91759712	265618992	198458969	247811700	133354367	254042564	237967473	271711525	250723346	110466429	107516725	146799429	104834680	102341590	251702062	249234861	34488977	129956619	254287025	190955534
18169437	15496979
195739244	288572711
233029238	233040253
247283322	250791315
19035414	80889677	76026222
284212937	284208633
29179599	137767461	103083469	158140769	80936666
53591829	105109949
296336467	274798221	286200204	279296202	269350524	295703525	299112527	285730526	291223532	298055040	104272839	297482351	296341524	270751607	297025095	299464213
197521063	197505999	101215490
40880559	25512893
238469364	265364529	205113218
175018909	162342751
112378158	284562605
234111329	267287630
80186087	35151904
19939807	20931452
171524596	118739211
182864865	196884822	236409793	200033412	175999744	71024401	206031562	161201768	108638509	100228524	103204953
101171750	263841054
260653846	236017518
246072122	244255841
275497890	60058441
44867797	15700516
153699649	288222781
220579287	151342802
275531303	69612154	19201965
48285448	49139550
282183754	279923502	282187296
85411942	137552381
259633600	111102189	111102638
251545881	270944095
240175415	295588503	294760492	295123257
227626727	260630485
25494869	39321602
62376468	125542544
54314660	239057603	287874737	74258683	106751174	217422772	282599886	71243530	257445049	13624012	24230414	151676319	21584309	19900911	183956303	204102412
107530987	188028029
268520516	269476521
20892877	287789394
210477753	85107714
26543357	20565223	23599058	16524970	37480981	78693483	34182610	27263873	204045425
134606826	299065805	216616564
266041229	266988728
204590433	86236378
18337264	213677480	270099076	19812133
195743385	226786401
104287920	104288452	236125400
269240947	269516181	269504251	269479572	269849345	269867743
264878041	247466621	258740810
219598648	189255854
206664646	287361011
109006756	257259336
126799866	178148166
211538032	266260600
81613079	140292688
296510178	296510200
18370933	131864427	121732349
94753270	79461066
141637740	199177709	247892951	253078875
290247562	289608574	272350739	285704954	288002837
182244270	115854062	103268259	87185959
140858564	158396134
275784944	93394651
17061407	15165545
73530475	54281064	7597712	201919479	18383106	57005769	73099646	55062129	12094002	25770408	263912856	74014041	49791309	177584156	250691029	241960868	142300344	103316756	20439040	16232940	53678140	5405752	16259228	63212691	213954947	131605040	217634501	201429995
77590445	258955022	182165751
279238451	279196125	279214612
33625572	29739300	38689259	132975356	247099946	66800933	233955145	25122967	235261220
198725327	71772900	270677394	251382988
218904965	130408391
169447805	261897355
28367220	248504364
186758071	187109617
262363704	270563918
125426233	64191097
180804278	264565987
21592527	79171855
257776471	257784177
63789966	264375374
93903856	183790676
160714593	288370030
237165747	55636401	119495909
34868950	25192474
265149921	248010712	195784547	78198330
53239272	284912709
98360821	32962666
111664768	103408499
188578444	52575353	188529045	189731523	40141183	238470369	239141138	225995038	229966976	232242526	233442593	237411682	286324631	266340002	239227438	238201662	41969657	269601861	151262949	238371114	237010612	64131906	247021537	238256017	238811229	127361132	237055806	186910286	223387882	223660247	117817723	217603906	229681872	238138152	35319540	230929931	230359892	225231332	156563478	155498579	237826546	25511232	237972926	238038889	115272037	238320117	233620183	243937831	49937478	144586958	84891522	258071573	234909739	229722651	240416879	75294314	236901650	109696486	41402207
71786515	271827010	200045649
52748345	203809698
23322807	108895902
20026707	44483860	16361260	19521760	83739980	26771859	21070806	114638497	24267938	24996397
272614741	292484316
158491217	127854398
15115709	20399112	20576754
270591443	65435106
27148095	298345264	291063726
253939856	92597889
214623087	291714179	15702215	289530522
253280836	245876924	218565491	117531690	163302920	289962206
277789089	191772231	101082280	298820131	263104024	169760617	297899857	210884471	296632168	171021080	202532977	296393648
111174861	103577963
160883933	270864427
141344841	272134001
173644912	157312396	36018572
38856166	21277499	21099936
279438902	279441059
278980391	278178386
264628018	286195368
291563417	299488840	246538792
295534745	295539101
61794487	98396851
297138934	297136477
140294559	177033611	186710707
253717006	31419279
254779789	257228519
125784564	206095395
178744253	158816093	167966463
37343734	23030857	168902385
244214945	14982263
258841526	210824956	208707953	37829051	119814036	232020545	258846029	256650024	278851388	215840213
239660832	291582189
78166688	241366062
48230321	29358295
273767814	31050767	143998788	279629091	183356200	20720566	98070886	114961395	263398871	46964599	251006719	49874102	49672856	244732474	87506684	132447522	31615326	25612466	137618389	59959483	174150385	59575386	256802118	156758067	33286021	54333131	68901365	48820780	139317883	282754584	283762040	35810766
184152348	19554479
290771696	238711731
150663592	38647382	78914580	35696515	152835133	204246271	84793746	188709616	96361943	127924292	157249625	38608573	83322981	138416312	205734188	253980983	141442789	143384905	141910059	133277240	70831086	62991860	295739009	296092420	289236834
167644447	169418174
89879578	116431751
277116476	277102141	278163565
262633073	267049361
193406144	95765914	118473496	257120901	187059097	295633719	249397260	231051285	92732341	201355203	173164093	215130112	255505518	239824549	212437713	193283082	229558377	229707516	73385420	228907258	213038255	195984116	112837297	182808253	196736760	273637079	236448864	66407764	209797766	231824650	232415685	228523183	214224038	227355633	136260262	48341663	107451803	92739415	190614071	153028140	39519209	104150555	35462672	239749259	64765042	50032977	67906703	82939864	156296460	67486800	115365231	65805251	89585633	71010281	173114030	246787695	213099986	117582420	83370032	156033986	182344458	180377965	195951183	221713309	216223472	211625583	18616693	175078682	78599906	51751990	57047512	66157012	136361362	48586907	63668337	48145433	203404600	30491232	30206900	62911820	68768950	171954276	130264866	60115502	40009793	69657852	69194036	40489804	42131117	46161244	30799245	54034663	51082513	45228392	33667104	48188163	54724422	61639225	53767179	137664064	41582806	108116518	152413701	39176164	194353375	94132505	282813007	106156762	85130935	240056000	168805413	65828404	132227992	211578625	158752876	106402115	268972923	252859120	250115788
242613881	79449809
266467078	233881697
208402356	215999973	96531561	179447934	220010412	185281287	216588935	199484484	167634659
16279888	40794318
137787446	104951936	243704101	110782675	205015933	290250769
260929689	166929196
24902013	240560574
295293191	296680040	295360949	295860440	295065114	296425604	296397266	295832442	294411114	295370700
163576485	41632058
210008742	14155773
21789558	21006031	16560268	49752254	63552977	157817059	164036130	137514360	37784471	45693256	21560778	33525283	16131779	19906047	17116323	39710305	20974764	18733292	23581361	45517572	20870595	30939776
127675076	292125740	298655891
228129838	52985123	270940502	268911248	271582630	270109338	210043600	115545134	273676922	272196690	269640224	271585749	270542858	50111363	273732649	36055023
263744026	253075218	253073880	253073935	257523924
191593844	281510060
123665973	131004198	127461429	96260702	25972145	132490327	30821843	127452782	128040472	130135136	133571865	128180729	91007955	114186774	112887751	124814026	120440914	86951348	113969894	128042628	125471397	132769505	128171053	120385965	68302376	133165604	132854541	114348676	55465400	39606306	122267982	76507433	131458947
246447683	73236447
276496037	276150034
222006430	276954802	276462418	279607576	159545298	266893097	265057757	267285785	266597097	269418027	249322375	244626305	256665746	293266191	278983176	216920393	297234503	280094726	40227424	228216307	262945283	232386009	184216728	267152320	273131259	242837842	268441778	201943047	240150494	14641007	89286956	85681491	75033507	145843221	278419053	240247368	268701755	158851306	205287125	273539000	258498398	124575362	91641527	158784506	250952167	153795037	114519184	110352811	262476465	277698592	286447592	264043314	274112954	243193782	62011698	97265251	108222134	23057976	244766201	144332271	25154863	82597873	134297781	279303084	93049372	20664856	292442607	249450659	267204632	265113586	222482306	273221891	261115731	270896425	54639006	241782257	43732428	243125637	238826762	238384070	240487653	115624836	290278238	85510954	215763538	249547150	110446807	226084988	264914962	276907895	36620048	180537089	224577226	256361818	135965843	46908648	35374158	185222039	259940495	274549546	170279558	287361794	225293269	262886526	19535531	232036231	121651482	72181057	106986200	262757642	287260017	208945432	123762268	193970433	276349184	137314495	185909165	271269925	273694730	13385612	24788854	138166083	31026810	71043340	227818752	220061727	274481866	276206389	264524070	14400462	222051095	226343669	14344497	266975944	218375995	146160168	61880840	24357784	172252889	114277810	249542643	251535016	242497435	18830885	40160595	278672559	70038682	222868542	46117928	69202755	208614041	270905831	75816353	18624866	22950203	89728532	101850311	285192391	22770373	203796540	252784597	116502459	128298917	275197858	125778845	96023159	23467432	267234996	251527794	58706305	288218388	229453292	249048553	74354098	253487642	113908385	270867243	241025121	253537651	237153638	188306211	294661381	42708186	70495393	134470848	110046331	31136859	253466612	282995337	262941202	34615724	215984579	220342684	29404038	167750014	197568834	236366079	48015450	200615980	19001832	50866160	229255063	201762709	18196308	239347515	47654683	278537949	264081721	251450026	249079443	184390623	28747335	265776635	246750515	97822240	176465197	292365592	256288010	257959210	234138911	245441630	39655247	27435858	21994271	246424221	141713583	255515393	253592730	255544462	266707369	95625622	80441410	295170102	38936836	18882797	241198515	48439478	124854294	217128874	120997187	212180796	229534779	51158710	175480284	156419312	16522602	282828126	6232242	31923368	15424778	40846502	245308433	20604040	196451074	194484968	49912458	21797509	229579385	71342524	4495931	246021685	224494683	27555264	225122765	277993882	45881744	278075705	69146911	162797731	32201072	222894236	276915927	176806245	258509665	275847010	88258881	253739634	192272132	62343030	220687241	212325008	233997820	215639006	181761341	112256817	94689074	208303803	133890919	263783214	169547788	47945698	277726631	194385770	171737486	82994320	159302616	14161537	267032166	265655813	24122822	15949253	6822302	229807541	196875699	279942527	253957410	258544800	161584263	251134798	28395679	267328156	30315414	28992244	27431825	105730670	174438039	220926767	270308051	133650541	257626721	259037419	58311416	205066686	255529401	217099660	121311670	109810057	198513006	21434725	643903	15221902	16896699	17977034	95104390	241340699	15405328	24772868	234983670	107621747	16536215	266965118	257852300	17924123	90771536	185143375	24561354	168209760	278903957	268341285	158533383	154275872	287707562	233934753	224071455	253422875	54521114	123637368	17337907	276303377	46042572	26831368	189173183	120623454	15502719	59837805	230184837	278283198	120382566	286672007	196993027	223677717	83919290	283137619	289679593	16586999	57971253	272055157	287848057	267958598	61061460	270750178	278111224	190374373	189928554	271079720	252103112	274273941	232681577	57085197	26453625	40111238	226338352	194645091	241273903	15860227	18680847	117640190	237581493	153521104	35536649	116493256	27986846	181963676	180325138	269276341	153033874	19958528	31427325	17238769	217615071	148834985	290556566	22776462	240605051	231521520	210209233	237218871	17072513	21736486	73730262	86870200	71272569	27592816	280925885	118190190	201172323	276021720	40834740	26118186	44599309	82872332	23351136	76908416	30738293	230754163	130647905	225052487	95192888	245794608	17524927	43500827	60970060	143623229	249471079	169903572	261661292	267347384	264055869	43676099	235859837	167418123	266825483	115610503	260666987	260657485	266462300	254506826	264537379	262534777	237044239	237039009	45090490	178456248	277808821	16090767	30279271	196511304	227547775	69895721	30901799	254412324	121406942	252151224	97748394	199624094	273286518	273293450	273295704	169051492	152077137	159221026	40406264	264340725	220431525	28640420	70419617	149456014	221611130	206767223	282846701	284104210	280613788	262355479	256771166	204112896	5440492	13813212	130188263	167351211	19366844	33452988	190387695	17007478	23626367	31590081	51536890	26533325	26283035	26539771	26570355	16544774	18534648	22099444	23490526	18171314	14651412	155419475	269452085	192709407	99189518	254465494	260528049	151945987	155845356	223216332	281821301	119079611	263918186	156381381	284942731	168180097	283169739	196491175	255997601	290007543	229375142	279222691	269977196	270003768	141918900	119131211	157516380	220955172	144278051	99811835	67004059	98403932	113508007	237601265	199288125	43254166	26146763	17727842	94686097	180388186	252281104	265453806	212017492	209944791	18776265	85983397	216749418	17563769	149815436	47586577	49348697	182028739	154370112	285976726	251301684	30781637	283660297	207701117	18914588	127731113	242548236	162354526	166494247	41200574	260509316	294320147	293999967	205697105	274693925	260548440	158182558	224420125	244384140	219211895	157323579	231612418	250193951	192210863	211968286	125209408	213980153	253447210	219187105	93342496	237201702	249688729	178632769	183520136	250921463	236650532	93487121	60060256	165583353	238877233	142386187	27271640	91828665	147529352	19737457	14851072	20305359	30150653	28126957	107699204	215683551	19331859	90477623	190032816	78848921	233221072	73596250	15826025	153358597	218786296	150069779	120083514	236336123	200891132	142240720	48293256	228656568	251967917	35033741	44446489	240586538	130876440	201002448	23978832	53762309	76799248	16381764	239332468	217798695	28911707	19520006	172740181	174556764	169114388	110629688	151887268	177501889	164488114	204380780	215859989	114710528	246899999	256670843	218495582	37230804	155104304	19691332	233758745	216304271	90905825	19181549	35563232	189628998	69938917	205896530	256159400	45780869	220502693	131996058	203190474	176315712	121380217	171815550	89188671	232445524	218307326	158262091	259258282	150852532	207924244	175116860	23800007	231535622	15654124	127030142	188865006	249350329	174748955	113289939	175054545	227073195	183926085	91609427	96387764	111085636	227029460	218062879	166728123	78257206	212201802	105894492	37199631	219615193	132456910	214863110	185481670	229675551	145618951	148587486	24583357	247357423	171814090	103636197	245002421	146491026	21057434	41792496	196694457	165393411	43600056	102875620	252890019	39591754	195545956	150550977	139598867	20352504	17420951	214858544	216985673	207576682	181120728	157623929	179881686	157385656	121437473	245731917	106949905	192236628	58149795	190586896	171709481	133967797	56991633	36336240	224760049	46702589	30898870	73909215	97383592	135348838	67310480	236357075	90376008	172668196	79162998	147817117	196498500	230363570	69187979	108230496	109649657	119286553	45930775	18983594	90137051	202720442	21158514	129529866	153295926	208703350	7288532	125331429	91137860	105860187	155849013	147499260	23174261	125260918	125376335	121341257	124395088	166073644	210994920	84855892	222821205	203482564	24703871	212163769	59111213	196524577	118331440	162614580	89642805	116398989	183078267	192332269	154906588	85302020	175583831	161480745	174262638	57594251	168554312	168943315	53504161	68999559	156819648	108456596	136979179	88716606	159331541	123480455	111183391	158035174	110391827	78447199	124619617	99008280	90723985	156702973	71202900	193979110	136444107	126235134	169025363	149338248	112328242	188149007	222376814	172250034	192447160	64671102	122713223	169822690	18560429	145165527	113784913	72049431	122940351	120315834	162965189	126595195	155540406	108808407	89962495	118028227	27059308	41446355	15327488	25707034	196161118	58044082	247049883	211826816	96307231	33420178	58156435	214414669	126754289	243778871	95740429	19468555	229688900	67201027	220731530	16248319	148404566	108299296	15749216	125178711	109646868	88321965	39412169	110236748	33718372	15399951	196668969	22276232	811182	85466408	73986605	42217478	25344447	214354733	59786309	219568154	112528043	39836499	85073428	16312422	20661527	217634502	116049408	14425899	121089646	21117572	30917871	14069199	15958265	40016029	166332252	55882303	149728124	123869141	178798113	91068791	9654112	55434962	38925280	17927796	207804052	159996321	28031609	15274836	85067587	28896913	18772703	5338802	94579136	107755025	15576494	73194353	56116936	38748814	96225975	65731445	212203440	89681407	236316629	112588866	43740591	27843766	128052201	119623806	109555412	16289622	64194057	15709626	15312244	99412732	110037951	83919094	19459879	115307222	47847576	138189465	107515742	142705767	70786565	131832830	37070277	109147851	80530081	39302767	198521925	142616932	223860134	17394257	96539028	19460869	140228770	7216862	102265442	129258460	20948569	49443008	157379461	26211291	60744074	24923319	53443633	70577914	81443372	182922474	164832803	176513467	50815971	47120401	144845095	84273114	141189815	159140375	204444105	123147423	29638506	5901712	24055334	151947729	161828944	18246994	197294343	110028306	113569165	170383197	74236674	24533117	30838378	43237308	207210547	128502388	174537366	181615129	16307887	45285656	218389868	84884496	141531948	28040404	22233470	200635706	184728988	173435015	202261677	152389419	34667149	14907491	233250372	217646045	93677149	33370627	68207242	184796031	153136930	218581446	128309401	54039049	14279799	149438912	45186617	174943194	34456417	219607670	245017603	146218190	25085425	16090230	110855805	28301633	17273511	81921126	22168877	16098881	139799049	13314262	48694687	90050292	14382508	70652931	122182044	48935222	100306569	16360046	163582516	220250862	139219463	246897405	245709537	183558558	206600464	172223222	211012538	243554611	117695576	242238929	197933698	126570375	181529455	161345564	135873051	218725289	174952345	228649818	168892721	51295101	64985416	195585001	162087400	204604392	173012373	190271969	142548196	216600826	141088365	173322542	130054954	202534025	181153212	185111605	218384243	219172881	215460158	189881826	59833695	108882851	15187867	145438389	105982974	48256675	97122417	62998807	152143338	44568726	190291060	166188695	73465491	223838495	279886870	23128820	18341430	113426238	253163497	132813968	35293850	33637010	220612899	166835776	145013337	43736176	215156192	178024623	48320268	37891626	278101954	58881671	175954697	143708803	149536802	114002312	270168439	103562281	155690761	14550649	91687712	271014266	44299839	4864171	201972120	245935781	124167390	268185500	116840879	259700309	277816015	241374255	183149630	92638580	273036415	66902559	139077598	277453620	137797144	16715586	25447492	126550256	74228031	150571601	193514027	127485405	18332827	253173699	110075098	755332	185437031	25087375	247841740	63098617	22150628	110011487	143276180	38527309	250973539	253154360	116158687	76265830	236320042	139463313	68088973	50243276	276449734	145745218	16527807	186320041	87271819	233218414	190804002	124293284	135459066	237192634	179392792	115827236	264229483	264228964	264228769	230084629	264229646	225074361	264228601	239441901	242898397	82154425	87369180	23224410	166068822	265147982	264225324	206092608	148203617	67979943	130901870	17347401	245302645	25503051	240788905	15747743	176323782	22972326	230570269	31173072	40212561	16540406	183488790	35520133	200251856	82968508	92268831	87321877	256688681	253573328	230700879	113365712	87821664	161784103	262447391	110798738	262452978	85008170	239567034	190155842	179223479	182786166	250573286	224742805	173103598	255529014	52838971	91359149	242593597	241174612	235192963	121239864	17008328	259579119	60448573	241205936	181410053	247904374	180208145	243828120	212819784	240508658	221931304	230655639	82943797	193837982	25393674	174537699	134457542	39885951	5683952	143925094	61186808	51096590	217058692	227462101	17051720	252831728	64293519	49998367	112008880	233736173	203869742	15738051	161270244	69211707	102952315	134915079	112268544	124865767	19505248	160618655	18282606	202938733	245435554	130114448	246097212	99859136	94577861	212005766	98378632	73866510	244173814	184453159	106877921	227111237	17163118	27206171	74049344	71554346	216797481	238521117	109816851	213292822	238083548	141193556	231711788	145889187	138307343	63047330	240969195	47133874	10814652	165699129	1057211	241646070	114467024	235900641	16261638	15239379	105961520	18244415	209092806	18534287	194340931	17831966	194318885	229669544	202517387	85874302	34552289	51908250	234051687	23154642	197307520	126089692	221057424	233986555	232815475	174578384	153013137	6100262	93694951	204001816	232277708	26115585	225589249	86836975	174242939	171816357	20738338	32228471	21289631	222303570	185898103	82674452	45406292	25567025	152188983	187336790	112970794	222711637	82112048	21195279	123674947	40838211	89300184	210185175	36268289	148495982	51446354	207617945	14720411	17045349	108727303	130920525	221595383	165083973	20385597	48688681	30546177	156214500	218193050	214226162	51425907	223540054	216451183	179672920	16448975	213172552	83137581	764284	101562495	178637146	111966379	20664195	54043723	220781760	41176869	58444757	193365349	159862634	220009809	18248717	123065621	13396002	118176817	24720357	203327299	113140942	217807697	67902518	71194640	146567120	89650589	218484652	150724714	93876749	216335851	194975337	13339612	128222457	100281735	74153376	81037598	130925204	168959288	215388979	214253906	24400109	59461030	21361003	55628431	147521437	75051887	180796465	135772684	19618046	194973377	157314364	140481262	148490111	121265741	192816051	94159667	78161896	70659614	197339592	101826941	27734857	147850809	122483372	52117188	11316072	166606220	144758508	103814361	151100153	56449724	18577206	47577195	17372877	161524303	73652284	66001746	103718492	180846682	23242687	82749796	9636172	98626008	15279235	68198959	56440764	204502943	147784384	174132004	21707592	157575913	37866934	84451942	32632622	163045573	59175800	18933832	47214110	158104132	109995803	33328619	20857912	17180274	162691514	178945673	29334542	166839611	37635895	131416284	162586724	154090353	171419439	156532150	20732140	133666845	68783084	20974444	19022242	20161260	67475592	24461721	103550181	50551561	25253084	105660982	62554155	43085536	98895260	15645871	88906360	23815533	18830590	32145253	35767916	103457965	205698762	278433933	146276390	109315020	18863315	278286871	77388250	235038418	131618902	143915397	273405471	15680614	18830716	75137401	204189223	69128532	209140038	202075612	182345402	247405141	82114725	233858892	185738219	166467392	269151123	52085836	70298048	19650336	45070836	218443543	261309723	225615620	25405104	254475026	212374312	24584832	257482364	213949100	218587125	246490109	194081516	110003059	113420566	46381467	248699925	86549560	21863969	148621762	223521733	65665199	116568966	207651479	54493958	205993497	174355307	135783478	168518969	123713942	26250653	172397445	140930488	80772489	236242567	212328041	104026989	28043298	73303965	45954805	193062697	222066389	12566322	45757816	193904038	15600217	169349605	213752101	134901189	176192916	30841587	16496431	144292064	223234065	32986693	147076635	195593127	25580091	163488859	66951419	222244547	162813555	30484294	221355188	17180464	142178719	61503837	194731554	43384002	121275000	16702542	27533944	212960357	215411520	71345831	96310973	206077141	18722739	79294815	39347994	162557157	133544428	206424745	26756907	204979872	203877330	206756995	166182349	198728250	196179849	199288584	58563936	177123704	198529080	18628014	172006745	69828121	165934453	182805726	182413103	123055515	184006519	189619885	137137080	183711737	81589067	128892306	18300375	20733757	16231382	139942110	133907686	186851958	90615766	114526862	117598657	167613805	115408976	39445023	47268291	71861590	22246661	176537097	17226172	58611693	188513041	185037211	184328970	177580692	113422725	154708805	179279593	16554602	91367687	182464464	148055679	161929941	91071674	175790482	185307442	185034391	28331414	133394204	176679557	108107355	37624494	179919296	96308224	17709126	159522228	39398286	78252817	16849540	88829709	59784455	174484593	125742945	131285394	18513873	33910678	56897225	132377834	135456764	150180833	37875744	170929426	98800107	38267516	75043815	18399603	105623556	60304834	20651510	151780795	133399454	121213242	141258205	138234621	18914991	152541525	39697114	159567636	145592392	147015499	117943004	16746457	108330554	41133366	142249428	68441960	48575693	120500211	89385774	13097772	161550471	140966649	16452610	71744940	111120412	153051051	159187123	118254135	17581780	79203723	51018366	16585234	18226744	146942419	136844568	108710233	121790377	96550754	46380653	17905825	28601983	127627667	107088004	89273858	79929688	18786414	76539435	16150075	107347146	60135303	89817371	146518263	9640552	52328456	130450463	81427357	59879180	128000940	11922532	104268179	20140706	90822161	134505123	20386807	79469151	40100158	18591276	31363700	20516393	95354168	19797083	65301439	131490551	38264157	15410334	22577042	126751243	103370206	22499748	77725938	19251173	110598205	54552565	15695513	25897762	126974144	68787968	125239422	22278135	6734842	110017972	116583861	95492394	41585174	18863927	1712831	113709253	97732250	78816575	19250651	91608553	18102838	52689846	47058619	104849810	70774194	38974790	89122015	42620867	16175706	113262317	19758510	18214064	92949213	33821288	105766812	28896284	72582404	11041822	46526663	96469356	109671957	46673109	41509482	64469814	106767958	16204513	68961444	17376797	81093422	101846626	15771146	45403896	37920064	19877600	23774237	28226960	15785068	34774802	33769346	102175852	38003948	63804832	20071285	85742782	49718612	37188645	77844168	26025988	25107510	34425171	22411342	65515751	7901202	23567218	18182511	40218214	20755912	24100116	72664611	48566404	16616272	16469836	16483349	39990485	41383510	61431277	15819550	54804311	44817367	21458817	73870528	25984172	73642113	75867439	29681291	79121225	9951012	17010913	35716249	15470209	55387864	70122463	24536499	24601244	35644266	40668957	25873356	20127570	44672556	36719360	24440532	80303580	26863621	77537340	25290300	12014232	26739128	21246816	23703690	66763589	55748658	53801065	6452362	23223266	15887107	19572710	49589129	38186171	19142115	25965585	21777919	18686823	18262412	15896304	14389132	20660609	16732982	43519478	15192462	14154581	46787956	157495471	174583794	176639051	163077137	152980686	161995803	73978891	52582757	132223511	72217303	183461152	193304707	70916494	79368429	105033246	187397468	220266652	230299067	53187491	256754305	262153439	29618162	125547568	35751198	26815053	220261796	202063776	126364732	44042012	132060019	235905598	222189121	127001920	88265379	41057472	97158610	135949975	64172089	96918985	242444620	167915369	34933263	52114630	106602180	211091919	26167227	28529492	46232571	42881936	24645450	93303616	169404427	183356424	124942059	123527285	14549601	23607882	130461262	112236965	33279602	140290664	85066711	180703009	240062530	231487811	230666679	156807569	178759755	134442686	17203389	211374306	163835030	125499204	258571372	154954161	104238833	199851600	252136180	188466891	30135051	224652858	168889886	176061303	19943712	87525822	41609235	93080678	159853609	27948230	164001103	25169797	166584190	27555129	124026753	48519073	16833565	190311526	248898848	240552704	128388590	224455014	222455660	215664016	16419972	110438436	53930475	253082769	140159652	113350301	227548005	179302942	249932267	268427454	272728540	228843946	18593357	16272650	184502975	195516360	97907584	15353236	15695531	234916113	267903942	29590631	23364134	102443075	125609708	29979745	20746875	223997605	236318007	18317022	182994651	167555307	15302447	108770142	242261902	253066185	59894716	96021378	174742258	14850456	193700932	178259738	242837638	247536014	70405208	15184942	16552434	117040707	115394074	134169586	151622176	95065346	43987148	90497750	60148606	15161281	47062640	22421558	28447324	16908775	43700157	42113866	15831774	24565047	16611635	18362376	17962047	121555245	40646311	22100978	99192735	210945999	83305575	177728250	138879924	29382965	96030303	7879052	16665065	37322666	15838676	40643379	40092662	90757646	57232451	20347670	19199335	81007441	28676291	39629037	72858117	16899075	111166747	98068625	34091029	123613381	17266502	12611642	40634780	15615814	130712230	97061484	134550035	34943702	122596475	72991947	206032828	193444732	242477546	20198692	162215239	16869706	203160584	110661938	32171034	232698881	212999488	197856900	52192860	72715220	283431510	253123330	186878273	48358732	66350411	69331776	70393730	63861876	20974144	46448967	273771404	159733859	17707340	2329211	145293229	129251758	82107028	101774101	54010409	37198753	64462445	16545201	28391808	117236393	261339594	219971079	154049101	239194378	12710712	215152095	53935864	25012316	14509799	37131258	28718981	73192963	212741622	263418901	45350509	18344958	54094058	27088105	201985209	58907673	79716858	53535365	239333526	44410726	90568911	226715102	248510024	111056402	245822000	219790225	87872551	201606133	240514602	191775910	140054591	124120438	221735745	247811779	199291612	38012474	240749260	43983294	253417134	144604423	86987686	173423429	213561826	78217849	185360645	252131561	176187989	115063033	22878627	184545722	115753716	208244830	23409111	161284824	179186077	54716721	18526946	43155565	25741062	68180020	85668268	119909797	170076481	133759912	109683613	162416946	183002498	17973137	16352523	122424857	24398480	15781511	153522798	25825847	19794509	27812512	28018672	27768522	85217129	14991366	20107560	15970446	11341332	145339195	22491695	20095125	28542721	34007097	69279124	63608165	123894955	14164344	24898683	60190631	17095138	22423078	76299879	23350990	17588271	26539097	37965069	17006500	52092606	26955957	14986811	19511386	14887344	15517179	18468289	31711836	278309682	152796619	262857305	34865747	75560406	80910249	183122633	213277302	230864090	22249787	221521091	228157976	219640810	221264076	56397733	229595546	211715597	112937151	211316220	22947128	231180805	37816418	177799600	185616252	99325018	109421808	109718108	179238287	134134994	194618632	71533670	28547968	212087722	171994605	191333389	48985524	23264968	167884287	180502956	180642274	19236410	170993010	14255263	78446884	154903257	158173309	104966264	158569424	125525687	99345593	22726779	28841598	168019325	30288492	27133654	66120377	141871365	18938135	29873873	139737918	144917033	54877998	4478671	25197389	17137254	76289403	83693427	131631249	90695701	80521098	110013129	22266175	80286900	36563254	106804211	78000879	40359919	65916042	38563605	92579928	6780032	93176964	54576963	83884565	31035663	17819472	25108160	86195878	224917655	216846549	157001967	138924469	216556124	30501319	193765894	100337872	18487616	189762800	187302327	164647761	171200643	25190142	181618108	88773980	120393696	35304880	137439295	147170929	30913162	138850778	175610530	121202735	107552437	38541154	25891307	28252297	43415867	127553107	238856347	86878273	18048394	26929655	185701545	277177661	275058548	246747792	208122157	67421391	33778988	27251729	22314140	90668001	258703106	122153615	253275293	33950438	232591949	182913603	241241199	201344191	116137268	195219729	221763828	235313423	100046297	123946752	12992802	135333691	61091715	219583515	43576064	20923572	216116140	101708609	22686121	160100757	72211543	27821980	172314205	26134913	30812377	65454620	90550532	139652305	123108323	64466442	81635578	84045446	16546592	35097742	173688441	36585780	119160384	14576237	21259003	43345252	18191358	22218217	133783310	17666684	20077917	19971154	18135058	19354734	221404187	230862025	211951235	15369494	162146576	117725951	253467963	235488090	178746702	14902331	240465152	226298493	232116346	192820316	155392675	181829027	160251111	14180448	255299770	106088515	215152896	164453678	198919393	189795315	48241519	168064471	55644350	116706360	30891345	27003119	16737437	14359747	18794094	14503541	17171293	16577921	15831817	65835527	19551112	209529382	136395153	105671287	149458002	139436379	71349991	115542883	100076980	167361946	165185762	27656345	61054075	22921836	154735094	111873330	18414159	142585230	49320629	90241873	17643984	67232882	35087035	52254968	55121922	229391604	132972881	233654398	243292079	111992715	75630518	285506591	231521076	250394250	232672289	86246470	212735287	136843972	9890492	15786922	46878851	46288971	14216754	14467906	132142503	135925296	14470596	16468199	248079724	66176377	118911439	84020674	64803070	117819670	175428211	27628232	28918095	95474334	106242514	28570563	32479521	81507834	48660269	28721538	74213298	131962317	18464181	130085458	107837484	70319914	38063091	24093476	31332024	28354730	124596725	34878640	58125662	117959648	145992466	160571589	35261530	63300896	104881211	101578775	71134961	26296758	60771456	27001746	74587188	78676597	150417161	144002737	174400418	196984128	72135569	240854050	176221810	222719082	16991573	227690699	240860601	119329846	248240711	272872453	261324463	259178202	203084347	224663292	224586292	243430977	255954147	226901104	244026565	109842604	226905388	243757297	226903778	238330905	226903950	211113794	224673083	63666884	183116779	154654719	17122599	215823301	208766410	233270958	221866054	193904190	136416672	18483871	23335196	280826651	29974662	16856670	14631638	64756302	221924226	281876899	281877860	281884783	134179360	178074070	272824638	69490214	24411254	63063608	21219390	109569992	155603102	68750803	197400634	248236680	35364971	38300374	86067848	197306657	238642818	227573958	219180908	168981399	198983782	24350015	210617477	209310783	24405980	200885527	191274945	42490169	40921736	208445772	99647395	210950287	141012714	139219549	185471343	162188950	191269429	172518762	188741470	23894581	46860582	182688162	142922273	101622374	171910256	171700937	153744800	81268720	128993730	23080930	39255826	163719196	49859256	73709018	131814892	63210735	37072095	37365001	23788252	208703812	111083759	261080693	47481699	31694588	215119502	267986176	51828688	268162770	270747434	281342330	281807105	43848857	192924844	244659393	244920664	175856044	189699247	213541981	178800781	208832791	25317409	176013108	135410318	100183596	169343758	112349592	204667402	213690332	193834605	204009697	157765776	136242193	122960115	160810275	218364597	229640409	112901384	224385752	20956429	214303898	218335286	27338439	131558610	118767202	67250285	22483030	16453965	15735125	65574375	17574945	87886096	17897027	27117464	16563471	36147690	17627344	15770715	18626154	280823426	215750398	236467649	224806546	18949572	30136680	25701098	23891381	65428529	43638282	76266300	197537426	18880836	24292018	27876548	244124554	29632619	256741424	201518860	164139122	261583181	209929115	219196973	201572741	175008261	257762563	286025018	211100119	223944770	213840810	218809097	108428530	227742685	33152117	123686892	190330120	146358409	199120161	46019128	148891227	173417868	163129038	190045978	17035026	218199666	25861198	15366620	150124148	193159735	152592854	165062394	30298574	186934738	15283659	18279491	273810561	266581554	283025621	195692346	144433643	18118740	153563696	263954428	232679119	276890843	155812513	283227706	282249962	127027113	228009648	175344254	69991836	231531422	187570007	23327610	124324005	93788450	220480938	220864686	267388683	50225755	163954295	74055585	263808381	125905975	255234537	228353784	88265548	31009369	20588598	29674962	37141863	24815181	19912933	225634205	97898613	128693996	167954464	283068043	71799841	135533699	230335428	209416396	113301765	172905546	151714681	227160651	115105341	193496588	222766988	191798980	57627428	74202957	57363659	45517503	180533945	139687353	262286258	212974171	115994571	182646181	27753611	255335838	205556481	18326854	68455250	242910873	194085992	93549698	14844715	28377715	269054509	42624566	126601553	276283555	159001757	123491250	99782750	276532109	208412408	200713835	14284888	72177909	115916578	62566252	141228627	128177017	192787848	176760867	234869209	161986051	280897154	29685149	104531609	259066705	238881018	249330205	202775609	281715768	196529548	196505874	196500408	196495731	196975458	196958237	196516158	177199569	287049757	198775704	60403706	19245122	16832044	74436561	88308083	62497680	155689793	202431770	101871719	15195171	16819278	16061242	5449422	5656402	898491	57843997	45325362	10869332	23091280	15520340	25354439	244347709	20488393	203986643	55157836	16672255	42619180	196386572	21014366	38613804	177808050	168424949	250818782	186751481	154980142	34486143	171560458	26341535	66613790	52562647	181032620	20925717	29706808	45954828	82021659	82288276	16245896	26188132	23993598	17352423	66309171	17773953	59304258	21971524	55236354	28426047	39227875	32520127	57700404	18258085	15295602	18868316	17802735	15786795	22278762	36110149	58644114	19147234	16429977	25898134	18066326	26216948	54675157	51730255	23548317	16603962	18761352	12666842	165593389	85815563	268041661	272844647	229897407	224572834	206207919	224391728	224392111	157167528	108557610	153502840	61612087	72822155	142819858	61145761	217580744	194952025	203175998	18474711	72518620	289277984	125336170	282783918	258814936	179437165	158464885	18978029	230826096	85559499	47376591	117365297	160407145	26941178	168396727	262454764	41134865	106375253	105867316	60352468	137622383	107476658	33398901	60401740	60219244	75225190	211765562	160718204	253571743	285550348	284257080	19413210	222487886	229755160	217773860	109733784	168856719	251556226	248834926	81472868	36137793	66275971	51991431	235317024	46618295	193843789	164322849	245576093	181923189	226273650	44150150	256306024	46786678	52975488	204612455	175729841	176941396	165622582	201467713	210587185	174215784	173085593	166124051	191214979	224827646	27098089	142381123	141583940	178910335	274637650	141559099	268751434	25844989	248879099	272896034	272858608	280894734	280875098	280903573	91746138	212302340	38267814	21460496	76975713	128939654	74696171	210914028	178636787	62576224	175010693	28237934	56565606	197806479	38452209	240869487	29775116	112043840	106888707	20817660	90061525	174156674	215727652	167035309	137819099	35341639	817977	62956926	19519595	14807294	18932164	198960270	267040623	257381863	36116095	8768362	50735431	89898365	121698903	77954348	69552155	183650452	199234560	47023870	246418321	138872044	254240418	249259023	190029832	191302528	222485748	167300672	166698317	86405997	65114836	190735363	44985787	75112612	166418150	55321704	180081455	140299586	214317355	193893312	254858221	224591171	135331478	160221790	183259971	177618179	239020684	133599260	144544314	84240622	88756097	39828896	44802897	233198960	177174566	46474156	261080613	125813855	24209447	131223907	21161394	99123713	269102809	108620454	154919846	168438308	173054275	253251582	36399484	164795418	114224049	231172585	35747339	14101292	294037148	290964269	282569232	111509308	42811653	117903578	82211063	136123907	54661353	236220927	280529969	269905409	109161156	46338529	223231071	225979428	264065985	245413341	242469285	255988600	239410685	21904953	256879413	246898175	259667994	208948147	221878424	249618627	155656644	173768022	98364447	225641928	24485362	15813774	114016995	32210500	233913742	208563252	180923086	195238719	15671604	16900628	264710433	274585581	18440603	192596554	238261903	235319539	235270752	241773893	41869227	23451393	183477761	175243922	222679411	90518657	26799175	89595261	179230705	158510845	44461376	145159487	88846356	35513828	75751109	91374872	170569951	143322253	41226101	202001056	278407683	257152117	51424232	35779283	92340896	49547049	72212786	39200048	33957990	96895970	88196346	24828959	87931549	90420223	37386050	43998432	64352477	81557790	80645996	66849097	96701336	77485367	75092657	92341994	92337972	92332012	92329227	92807829	76140872	92304875	92296639	92219443	95854229	73936008	95434558	24659373	92335705	25840099	35383188	80739469	258384318	12960302	240201200	88618493	216617946	149329438	15232713	21013876	18973863	16692771	14376012	19372652	17595125	118714696	53733556	120146229	99080110	24249686	34902334	229604487	138847948	198316232	114526237	273897180	267943271	117272475	204438455	246789536	17361295	22592596	94450766	24147232	24959841	124788162	215648207	292072851	286135395	20961778	239380259	79100380	258230465	242210812	237193691	167458004	253784340	122477497	265973988	101824385	54373903	43187880	94019366	107762111	26767496	1734381	77328120	264115409	30961554	38371008	30070014	196929450	205560044	265291236	290002921	266744973	283170687	131813619	199873686	235572386	49365472	188147393	288646614	20542456	14212994	66879110	80631844	15787053	37731445	166842821	127448134	17177164	28126216	238467136	212760731	68660842	155303508	236415642	84114906	282572398	276488108	290781168	15589593	283060914	14743399	110892019	215930358	214290096	86089775	19724378	18016103	15520554	22032969	252105705	208636887	253605055	14953865	242133577	214134376	237819356	181523099	259311231	140219717	121744081	173547052	16543944	72418967	172477733	55391457	31029484	15904829	236966503	245207780	20081681	45480461	36459796	217447691	103682304	256504702	261933525	137748124	194250445	157240820	244770038	232276959	288631554	125424297	270530213	41303263	195192761	97339227	245094866	8402052	54779857	231496926	4305181	90855891	38723505	24469441	14413024	17994930	14502632	13996412	16920080	14903171	231948280	176606975	14228300	22377025	248521848	255315692	53282345	19091542	19010866	275078231	274416055	58115899	285644430	285743536	283107508	34092962	43260119	144228580	142291041	144352073	116152274	258939764	165914992	14577023	19897075	15756049	21049747	259024414	16118540	127581964	51123894	34563857	122662393	55994376	105243962	270935518	25745019	270028150	15978225	24323574	264886130	224816651	18769858	186744330	195176121	217248972	123692680	16658021	37007603	180595146	97081126	90880057	168173777	38674410	14090019	230770866	233566151	242625087	35515648	32277218	97855615	206660507	223943207	261390301	261514705	270753030	128105374	262462381	228748978	253776048	149760577	63921216	105627252	46970901	58636825	166803965	98726248	159144566	251486666	188503672	178989809	175815396	216847588	245586089	261050540	41022086	260615667	235822274	17139109	217424508	294677699	220973344	219999162	198782142	156587228	78190045	152413011	42803500	50547996	229180180	242678431	259597539	285834732	227077188	237482881	252237249	267569812	33271488	45589233	218342409	231570810	67632351	151635513	21570835	94747442	7367512	16044047	20288207	284206134	275663474	13301982	46297323	78106692	60649145	157039859	246225226	216170279	286210861	140216501	21864875	55982709	73887341	21676255	19113362	165802132	144221600	24139372	111732842	50480950	234895094	84749406	23668206	18013249	35399237	41101644	57030599	298479553	223830147	165888247	265062616	13973852	200238372	109267587	42578945	167916819	183104222	24387716	232276205	149800575	154321161	97984354	204528911	163786515	32361307	87696410	21251519	63349406	232324606	53335403	149641550	164485137	35319164	141596145	278494797	82637549	106526090	77131560	23145495	182615740	53961035	273299675	230253930	176511918	180857179	284913850	90787869	203693856	287822596	122527062	100984136	194446204	235267321	219300612	79588270	143737115	239256778	186236057	192992069	158959785	208652388	292557592	235447853	19987632	254333058	148273080	267812692	41966080	273144222	24521647	253417202	24490977	266954068	126414534	236855500	270118609	223134684	100613776	57800394	289457937	294916416	141776510	272002443	89787930	219473225	182522049	123988228	212032478	218966056	251537735	251160928	291849781	235306505	114685098	275044789	181925782	48864715	79583110	269398281	19155360	189495260	92033086	240107194	256765795	106065803	18867497	268126128	121929179	262961949	220154589	82408973	15507721	147952903	141243524	260099783	207730312	259875956	253577941	30632629	277239676	108567908	199221767	199672136	169822261	86765373	13286872	149877159	153701942	15122461	114899946	196590443	39496172	159534035	42132477	288742634	167043550	80765443	24772934	88622080	68615267	291136357	289174846	19845100	184348588	237489193	196194188	261413366	127614046	18068152	16494185	131444664	99524604	282443581	185840795	16345634	269985965	159787037	279130958	128443773	210357424	136139080	91351303	34705884	107416606	154661415	279393362	267092353	270083971	139499100	165233692	278912034	248364445	268770919	144496817	101208938	46368871	226406603	230314512	171987844	160201625	175570413	124303974	75611716	212827556	58841458	55498215	34075958	114370570	59564726	230880692	61897928	234658379	251522942	249292471	119821035	220190718	254534985	253790243	31608463	31472479	40875741	154352321	100424053	20900227	253605543	273051398	123751738	202892149	18860342	126939883	191156858	291923735	266205436	234519346	59591439	107668535	79591304	79655100	48055236	240815071	30689667	70461418	264709844	59197928	187221713	280259891	56507795	152813030	218778335	153642333	291983023	101892149	208227794	49858790	127031118	16994294	141425658	266778028	266663094	87420093	15786482	18411761	21011652	252740425	233823667	74686270	17784957	135728240	6149912	17076876	19216162	275987627	75352925	19386316	31353033	244539678	279314842	174870438	226610036	115108235	60636147	277334786	249099581	274551740	274357123	113599185	221338016	268366600	51891575	248470409	184238028	169541626	35772646	65137221	16081399	269733697	221893300	274054384	232993470	165555585	251546312	264805905	276136331	275051178	75954105	274489837	272562985	276227872	276178112	247293288	86277174	41798484	21323094	14281853	134559963	184664879	46324551	109242858	44921990	234767753	275520660	274779473	222379990	32347368	275659689	276081411	270892349	46200951	101608650	231279877	119173027	265811064	266981047	265986745	52586761	275576641	77652905	257742223	248407115	182047169	277607032	123130128	138628895	113131330	97703457	271473456	57135222	198860492	225961799	219869986	190763074	190370497	5962712	14825399	17219108	63256001	111739981	71965935	136396265	22685539	22837640	292398483	139392425	259414578	234974696	104922757	207572271	229955207	160131053	263507369	137778051	250827654	278076858	222361375	223544454	275602455	66334824	275772730	272341131	125335487	136580566	202207002	232158403	118884166	32136479	216853489	176381502	177732896	45900404	218861501	219308632	73428225	251547806	31159082	283537075	266549776	49615815	198267460	285589265	65201688	38333888	131235578	287394259	245167786	19790783	88727975	259123873	69134006	227573417	114420052	263614571	278063763	91731681	154986337	265844328	272870259	230050560	164339792	49156380	230337083	274176272	260603737	99674761	61187345	98171796	20741831	267844771
130377151	42131366	15458044	179394382	121623066	108132390	34951303	29931508	74218428	47183832	230869825	60998136	73916329	12926392	19936809	95532556	49853779	14528814	15577078	48377326	17247291	138554295	21469681	16329605	22325824	14665295	85893872	17761074	28744419	18755206	15112369	152458611	213309792	20722867	50386100	17296920	19416807	13748412	9507822	86176450	12241752	122491827	41517881	51319365	14192885	10643582	84960499	246648928	158184487	15075834	47352247	22025685	36010184	20697914	17269999	28207700	59540932	105840677	105992707	102569325	56922905	30475056	15627217	45767367	53255308	45504178	20611433	18817387	64288507	138635907	73182664	137833681	31547129	30302477	18612574	16902782	14633947	49647670	22044715	40264104	17217909	14393667	18692548	950331	14639051	1948021	4243691	13157	46702464	6372442	82894675	68899650	143979340	101598161	14299285	17134433	17540715	18328234	25085215	18020652	17951583	187729145	1968231	17048030	88063839	79082120	14751786	145295493	123918234	83742788	49841105	126381357	88003072	8073492	20004697	21770169	92070775	81162584	47421079	18149478	19929696	14245420	46052637	15445612	2797681	55362800	61321086	26664635	27932116	32176216	168804531	20584700	19409036	178080646	17899854	24712664	133432583	87105499	22947605	97721242	21801569	25525009	18385161	218571357	21668930	111682573	197502386	151607765	150766555	69459319	89755963	83991158	988491	16291328	189394047	233624030	7547542	130569982	70401836	33609131	85749383	46010390	74300447	53575510	41020404	23916513	23910657	45976653	145527875	46145221	48408503	115140241	14167912	54997065	7832862	132086033	92216823	76343004	14166358	225267783	171258120	226504897	16820748	8362632	14246929	17553397	22455774	12511262	229525225	134241989	59335961	51339828	41394366	34545952	18203323	87164994	74570646	41673876	16598767	14457848	84123196	274681499	18202872	8937802	18432029	69941209	188919725	55865673	22687255	5725812	14862943	14861600	176469801	248922402	2030101	20542266	11134232	19642012	231220214	161334185	57947523	81952244	22880352	52242340	73434338	59629955	65095520	20210728	191677847	74220850	245679198	36316251	14353724	1698261	40073004	233594245	269993383	265793599	17172236	14477293	225206029	235456061	279241523	78705797	37735136	19712163	14580698	240771643	132680990	102123266	3066401	191987332	281541767	11741922	59390650	26441581	19845724	14632175	12808252	11692002	18542875	130417324	15371971	43186419	13480052
282100126	28853348	236924826	293671862	94708252	175043413	103123501	269670600	142300484	288663492
