7514802	92423860
265584815	283751411
271483064	271241574
130711947	55460169
235143590	207318169
224657842	74611492
257819117	26586619	79218153
80544255	120847767
17956954	69706331
268337716	268341857
22833935	18289658
186391032	187872150
285442804	283759809
102466337	146487467	146489739	145794908	102326616	147496209	161685243	102340836	102471310
221643624	253604117
192316299	20565476
198673346	197998044
180257770	46449856	297191467	297733845
244646996	261657830
278103163	296320980
278582810	278640446
136571761	293850263
97092785	106891895
98534591	22170599
212806534	295310353
144213292	299086998	247630268
137823540	141721010
271651035	159352138	154279509
123438457	22258796
191399297	83997865	85499846
242288031	221101880
132279929	27376493
289445453	25785547
92178045	259635899	120059018	129130495	113789309	88826418	61997654	86219843	61996971
269485704	280127810
223217313	222799653
261850905	39919046
293668689	231959113
236980062	107712549
153356128	267221822
134875037	20485482
199657418	176118608
31524923	30589533
110037213	92808127
271747331	260102125
115116351	78380070	19266805
171018581	250347095
243665250	106436455
126388656	120865928
298486214	130776894
240093574	133958135	191392535	201685969
271078279	15753176
91064892	299222226
172034640	140481695
184191672	172829249
249541807	229465115
196348779	16799876
97225655	21414692
264571867	27770923
296291342	46408722
276950193	288746305
151555179	66777642
35884219	284617130
76123442	88715817
235049881	288751232	278523614	250557755	207439182	233468660	233871554
205720927	180726111
28904807	21812003
102444282	31496437
68292093	146174803	138065075
109710946	214317119
74831805	37041038
168005291	65990814
18452164	17259796
244811133	291464775
106237684	132695734
222007131	277400243
34115440	281452418
287772568	283255992
292032452	89841809	97591079	89839783
62702242	90995373
41127978	183825517
198217801	255765034	260283683
244912357	291888161
275164793	243056354
293703958	294362068	205474688
229609753	197524699
268636489	268877132
127998033	259503737
174920515	56774282
285704954	290247562	289608574	288002837	272350739
226569708	41627625
138744796	250262569
160502853	46922379
281801312	203510976
222827912	167193928
88015767	27093788
292296108	284284172	228553720	111415667	97130164
272046325	286873028
48426722	274746820
273520386	269983639
77132181	26344093
95033102	73658386
256677660	257226108
86972233	123311971
40015906	128483107
289282110	279397955
20551782	92893155	18321436
257395698	257431911	257392028
286824724	286965755
17570129	20544061
276732271	39078737
278637741	80111889	156587857	89810506	228430137	228424929	276516733
15298303	80291006
267557625	188962529
212777319	212779034
289135807	290780531
65969002	116105951
184040851	112900134
150045871	190138552
135595192	131649511
256016779	299004695
194747523	233562964
240557342	198651940
246521131	248665546
47553866	59226901
91626937	37342618
272665188	269578072	287953703	238981260	202796591	149330508	257554822	253301082	277275471	274034138
282114479	78370680	288428487	299378088
155853391	20588772
54369950	266265701
94150411	80389721
232244530	180768411
14757875	166616864
255332062	243048389	257038198	245713156	18593849
171122698	44330883
216932372	218021951
25010218	82821034
239313023	249669255
224075905	71771438
37875750	151198722	39758433
249633492	249688592
238330277	22113076
237380081	264449915
95265268	101804892
250618359	272000295
246161937	185499599
139469399	275112954
95134351	20344996
167904708	277810172	15875125
119251740	272928129
176530424	234276527
97788928	287957501	187254514	27735840	28146477	37336592
242426890	235646669
275194949	230433424	54716366	239053250	191332253
19043536	84837346	42181964	106109827	92904647	106371314	23005142	105921204
218628265	274695740	77026097	298736766
247526957	67197576
128394857	159001536
81503863	29976858
253306594	89735245
284272422	240011450
61581112	61709699	62054489
281159510	275147188
219686893	144985049
291001461	288771397
14755937	90064638
281651301	290269664	130998343	281264563
244754597	242764346
286042343	257402795
284029341	284232111
294653485	29744756
236005869	22735729	38698625
108374514	142926019
97725000	191458792	145382517
128068361	187555498
267987740	267311816
215518005	41364292	279177139
209689641	256082766	152087402	292388786	229197176	121507404	15825747	41373198	56401904	184775732	41732225	275542849	58588775	33257966	186538858	284911236
256256881	207893373
193735630	290932200
24135515	22341326	21681670	25831882
154381366	284855063
259959922	230252236
265890974	271218816
215493844	172049179
224079118	145773771
156380451	262379979	29610756
111947082	77942789
116104419	253077624	134209912
249197781	292768068
267824657	269632395
241708612	252804409
298331847	257471514
170372896	178337497
232107918	230683796	248852910
21770160	277840652	33712054
80359354	155077890
166309839	66935920
253800440	69721102
294220463	18342626
245936157	290906733
290893972	257722998	290742465
28504806	188398831
287524925	70314179
282109875	67100053	283250452	266703689
65149619	278572642
234926588	277379984
206418701	78166576
181252702	236399814
264614504	260147997	255860814
247973992	287271863
43692764	194831486
20296417	81614972
181678904	46682699
136819538	128995047
233911143	197345909	287870272
61414888	18407039
244353563	211948625
255570838	69663248
124351321	10218062
259306752	262263855
283969757	125526003
88814954	36365268
15381905	17399078
282857728	283101439	286945694	273627988
282741723	282209406
284145172	125598944
173792873	83580749
211269295	47176406
190396112	267766957
133576442	136149558	190084930
269694744	289326079
279278555	195260159	228138570	296281684
40548212	55723289
258841526	210824956	208707953	37829051	119814036	232020545	258846029	256650024	215840213	278851388
292730818	205699645
299284424	254269376
159985959	78134019	74266571	231530753
72142091	66308035
263403650	266848438
17184930	31215755
66242975	262483844	261248422	65274380	226879834	146799429	233291437	266308070	221619129	102361186	137641058	251214066	16377817	130229114	88139088	91759712	110466429	265618992	198458969	247811700	133354367	254042564	237967473	198606623	254287025	271711525	250723346	251702062	129956619	165715009	107516725	104834680	102341590	92683055	190955534	249234861	34488977	277333540	88568945
50116867	59796100
266680598	254439396
279558434	270150441	275633778
277985576	155716241
203503918	80840597	186964960
195114061	180834549
31078910	211722727	187401143
276375901	233879864	233880116	154251652
272415376	271748425
283130513	275279624
237877990	237818090
14189914	44350195	20833217
269360471	213695320	248373282
51677690	294897170
295812074	81682307
49167424	28394336
296336467	299464213	274798221	286200204	279296202	269350524	295703525	299112527	285730526	291223532	298055040	104272839	297482351	296341524	270751607	297025095
118144166	288511784
74202303	80731697
19643660	7758512
231943047	89341199	97148828
296842460	62008629	70363179
88358213	282328416
287260008	277737135
283786611	282852713
150650247	103288829
22527375	165587491
254885366	105375159
270802864	255936268
268287527	268106289
19620140	28287079
20135489	14901409
195739244	288572711
233029238	233040253
284212937	284208633
29179599	137767461	103083469	158140769	80936666
277495534	189937940	73667450	268634008
53591829	105109949
230244118	266829966
193365708	27148095	298345264	291063726
197521063	75202396	197505999	101215490
40880559	25512893
21244281	77131442	95996905
238469364	265364529	205113218
175018909	162342751
234111329	267287630
275399016	263913673
80186087	35151904
277056530	273049398
19939807	20931452
205129881	212877864	281898118
273760841	257521188
260653846	236017518
216173393	255763741
23599058	16524970	37480981	78693483	87633429	34182610	27263873	26543357	204045425	20565223	22023095
15239704	44867797	58065133	81559032	129426263	86293126	40955607	15700516
18826506	90095268
153699649	288222781
141440641	141715547
126076985	183300240
282183754	279923502	282187296
85411942	137552381
290179239	120386656
218565491	289962206	253280836	117531690	245876924	163302920	248391519	18506379	173513879	270976959	291307982	89661083	98143987	283960032	273020242	92536016	260309656	298116711	278068498	112199701	249540883	216385346	230896623	70973194	231406519
259633600	111102189	111102638
240175415	242258746	295588503	294760492	295123257
227626727	260630485
25494869	39321602
269240947	269849345	269867743	269516181	269504251	269479572
54314660	239057603	287874737	74258683	106751174	217422772	71243530	257445049	13624012	282599886	24230414	151676319	21584309	19900911	183956303	204102412
264850432	180212984
268520516	269476521
225250466	52107955
20892877	287789394
210477753	85107714
139739892	46889868
134606826	299065805	216616564
266041229	266988728
195743385	226786401
104287920	104288452	236125400
148524768	269893520
219598648	189255854
206664646	287361011
126799866	178148166
229527568	260113152	289814910
211538032	266260600
97603821	72915155	27279542	232481786	240886519
81613079	140292688
299258179	19616686
296510178	296510200
18370933	131864427	121732349
256477888	257228519	255709701	254779789
263869272	49180546
247844333	276101082
275784944	93394651
17061407	15165545
299488840	291563417	246538792
177657603	30730011
279238451	277139728	279196125	277621344	279214612
297719929	159771304
33625572	29739300	38689259	132975356	247099946	66800933	233955145	25122967	29499545	235261220
78305539	197098640
28367220	248504364
186758071	187109617
130734560	284784917
172841494	50407290	248383580	146638393	254390907	255060874	210481215	141536444	206210388	287112159	208782614	84939658	105398963	184700575	203940289	264550211	178403701	169688690	205842064	45909893	169011504	281694341	260595065	278150846
262363704	270563918
125426233	64191097
180804278	234525220	264565987
295852832	283108794
20130283	64804202	30337968
63789966	264375374
93903856	183790676
30530568	291382644	32765960	184345658	30373926	26337186
160714593	288370030
77945952	41543940
237165747	55636401	119495909
273767814	31050767	143998788	279629091	183356200	272773981	20720566	26946770	98070886	25612466	35810766	114961395	59575386	256802118	156758067	33286021	54333131	263398871	68901365	46964599	251006719	49874102	49672856	244732474	87506684	132447522	31615326	137618389	59959483	139317883	174150385	261071172	48820780	244197248	282754584	283762040
53239272	108974669	284912709
98360821	32962666
275078724	279273788
111664768	94053768	103408499
71786515	164593720	271827010	253935911	200045649
23322807	108895902
208986330	248564892
107733338	220205262
24699302	32322378
94949450	297701705
272614741	292484316
158491217	127854398
15115709	20399112	20576754
270591443	65435106
214623087	291714179	222495024	15702215	289530522
170397876	197848536
247719055	236720537
111174861	60917047	103577963
276751819	283302609	69956385
281792725	133723917
141344841	272134001
173644912	157312396	36018572
279438902	279441059
81782455	271532989	272848905
264628018	286195368
295534745	295539101
20936785	21620816	39468212
61794487	98396851
140294559	177033611	186710707
253717006	31419279
21184601	62480401	252176689	220969862	19506898	186125373	179618904	177675475	164850401	72934914	20039434	16804482	21106868	194286514	19922979	20683332
167715141	115854062	103268259	87185959	182864865	196884822	102622315	176389461	210119183	236409793	200033412	175999744	71024401	100228524	206031562	161201768	108638509	202224735	115619942	59755648	139141495	105092929	241402741	130411500	103204953	182244270	94753270	79461066
37343734	23030857	168902385
244214945	14982263
288183075	288183014	291925502	288182579
189731523	36176859	40141183	239141138	225995038	229966976	232242526	233442593	237411682	286324631	266340002	239227438	238201662	41969657	269601861	151262949	238371114	237010612	188529045	238470369	238138152	238320117	64131906	230929931	247021537	49937478	238256017	238811229	234909739	127361132	237055806	186910286	35319540	166051454	25511232	41402207	223387882	223660247	117817723	137239420	217603906	229681872	237972926	155498579	225231332	230359892	115272037	156563478	237826546	238038889	188578444	229722651	109696486	233620183	243937831	144586958	84891522	236901650	258071573	240416879	75294314	243858805	52575353	169015090	199350455	239225698	37033042
239660832	291582189
78166688	241366062
48230321	29358295
150663592	289236834	38647382	78914580	295739009	35696515	152835133	204246271	84793746	188709616	96361943	127924292	157249625	38608573	83322981	289154904	138416312	205734188	253980983	141442789	143384905	141910059	133277240	70831086	62991860	296092420
167644447	169418174
89879578	116431751
293879418	272668961
248280359	115341989
262633073	145535064	186227073	26587725	128021243	267049361
95765914	118473496	257120901	187059097	295633719	249397260	231051285	92732341	201355203	173164093	215130112	255505518	239824549	212437713	193283082	229558377	229707516	73385420	228907258	213038255	195984116	112837297	182808253	196736760	273637079	236448864	240056000	66407764	209797766	231824650	232415685	228523183	214224038	227355633	136260262	51905927	116424855	107451803	92739415	190614071	153028140	39519209	104150555	35462672	239749259	64765042	136361362	16908192	50032977	67906703	82939864	156296460	67486800	115365231	65805251	63668337	48145433	203404600	30491232	30206900	62911820	68768950	171954276	130264866	60115502	40009793	69657852	69194036	40489804	42131117	46161244	30799245	54034663	51082513	45228392	33667104	48188163	54724422	61639225	53767179	89585633	71010281	152413701	137664064	41582806	173114030	246787695	213099986	117582420	83370032	156033986	182344458	180377965	195951183	221713309	216223472	211625583	18616693	175078682	78599906	51751990	57047512	48341663	66157012	48586907	108116518	39176164	193406144	185036088	194353375	94132505	282813007	106156762	85130935	168805413	65828404	70378500	132227992	211578625	158752876	88267424	106402115	268972923	252859120	250115788
242613881	79449809
266467078	250742767	162799786	233881697	234328643	219222136
230029127	229919051
208402356	215999973	96531561	26413377	107530987	179683387	210797195	179447934	205600646	188028029	220010412	185281287	216588935	128002776	30419390	25741550	199484484	167634659	191926879	208683368	214075388	60445510
16279888	40794318
260929689	166929196
24902013	240560574
52851821	163576485	42445399	277134749	41632058
210008742	14155773
21789558	21006031	16560268	49752254	63552977	157817059	164036130	137514360	37784471	45693256	21560778	23960307	97236597	20502989	92712288	16025196	19905827	33525283	16131779	19906047	17116323	39710305	20974764	18733292	23581361	45517572	20870595	30939776
232815609	201486909
127675076	292125740	298655891
191593844	281510060
123665973	131004198	127461429	96260702	25972145	132490327	30821843	128040472	91007955	122267982	114186774	112887751	124814026	120440914	86951348	113969894	128042628	125471397	132769505	130135136	128171053	120385965	68302376	76507433	133165604	102075244	133571865	128180729	98820569	127452782	132854541	114348676	55465400	39606306	131458947
246447683	73236447
33977971	125166338	16990483	30270607	20026707	24477141	44483860	16361260	19521760	83739980	265149921	248010712	246072122	195784547	244255841	26578736	9079872	179394382	90791594	34951303	29931508	74218428	16562280	69056079	19936809	95532556	131216452	15314344	14528814	15577078	138554295	21469681	16329605	11741922	28617071	235456061	231220214	23274401	85893872	269993383	265793599	145334298	98165955	136027650	138909804	213309792	18755206	152458611	41517881	14192885	10643582	84960499	246648928	20722867	46010390	78198330	9507822	46206701	45976653	145527875	15075834	132680990	47352247	15042218	67358482	74220850	253939856	127727619	133432583	87105499	7547542	49841105	22025685	14665295	36010184	20697914	130417324	20611433	16598767	18612574	18817387	2797681	158184487	74300447	22325824	16902782	41020404	89264878	14633947	40264104	49647670	28508185	42131366	22044715	47183832	18020652	64288507	17978336	138635907	81952244	73182664	137833681	31547129	30302477	17217909	102123266	22880352	22947605	17269999	26664635	56044824	950331	14639051	1948021	279241523	4243691	7832862	13157	46702464	6372442	82894675	79082120	178080646	97721242	68899650	143979340	20210728	101598161	15445612	17540715	14299285	14751786	41394366	17134433	30475056	126381357	81162584	28207700	168804531	233624030	59540932	69459319	73434338	87164994	18149478	105840677	105992707	102569325	56922905	74570646	59629955	65095520	19409036	92070775	15627217	45767367	53255308	45504178	12511262	19929696	25085215	14393667	18692548	18328234	85749383	8073492	218571357	17951583	187729145	1968231	17048030	88063839	176469801	145295493	123918234	83742788	88003072	20004697	83991158	21770169	47421079	14245420	46052637	14353724	988491	55362800	21801569	61321086	27932116	32176216	161334185	248922402	17296920	2030101	191987332	20584700	49853779	17899854	52098763	24712664	76343004	25525009	18385161	36316251	21668930	111682573	197502386	171258120	151607765	150766555	14861600	130569982	132086033	69941209	89755963	51319365	25684408	16291328	189394047	111409800	40964406	33609131	15042031	55375464	46145221	103951773	20542266	15028216	7234292	8362632	274681499	121623066	122491827	70401836	23910657	12926392	73916329	13748412	53575510	14246929	40073004	23916513	48408503	132743624	128096862	39525887	115140241	14166358	14167912	54997065	14862943	280603187	15112369	41673876	108132390	30318395	22455774	92216823	17247291	60998136	225267783	226504897	92597889	86176450	12241752	17553397	16820748	34545952	8937802	21237335	19642012	245679198	48377326	19416807	134241989	229525225	233594245	84123196	59335961	51339828	17761074	28744419	18203323	18278452	37735136	50386100	14457848	59390650	188919725	18202872	18432029	191677847	202032533	55865673	17172236	14477293	71464471	22687255	5725812	11134232	230869825	15458044	52242340	78705797	7983462	131918384	62601788	12309692	57947523	54368387	50849774	76188971	159593711	130377151	1698261	16175465	225206029	26441581	19845724	247387633	65293007	19712163	14580698	240771643	3066401	15424125	48285448	49139550	781053	281541767	171172872	14632175	32387104	232551819	26771859	21070806	154632162	24996397	114638497	24267938	758065	53513591	31767265	12808252	11692002	159859409	18542875	132053482	46235614	15371971	43186419	13480052
179363158	96709259	212043660	240548711	18316082	17332787	279607576	242284690	297138934	297136477	231372796	266893097	277116476	278904408	267285785	265829926	260666493	54883440	258241497	37077578	278983176	67235899	280094726	270132560	276197118	52985123	40227424	278228356	261465300	220949685	253073759	272880648	184216728	36568259	178744253	24079019	14608950	273131259	252930430	133064721	268441778	201943047	65824658	40560512	255027047	94889721	74750877	181626427	140829898	252863683	278419053	240247368	106586662	277352523	15917304	158851306	273539000	258498398	258498226	260299706	52256385	277569076	34868950	207379807	228868164	244210699	249322375	250952167	257776471	190702730	17477372	25090768	87218878	255842991	19061205	45078956	229335572	128940381	167940930	295065114	144332271	41965009	254891284	120804623	66802957	278713559	140858564	158396134	126997518	25415120	86495946	70329259	253078875	256375046	141637740	51115344	246768058	242945473	39801424	99674761	284316153	14918385	14176558	249450659	272482918	264878041	220579287	151342802	251382988	216773226	218176154	54202576	198725327	110836570	54639006	228216307	29281773	277237178	24080811	295293191	296680040	216681639	274910278	272479505	273605875	290278238	183945985	286640827	38947465	53201442	62376468	142952977	282210736	251061782	168151475	242792859	110446807	273225450	114149583	279451034	59131929	264914962	276324693	258449733	244271004	287442326	25544482	41764569	292433281	158974337	275531303	128908497	128894385	225920392	229983550	275385217	202130591	275893779	222006430	28853348	41730966	23806834	274549546	223018531	231028180	58886953	236929686	268911248	99140220	30065257	171524596	30294492	121946528	190759316	83771791	258064754	185431427	248791313	253073935	40421589	276349184	175489228	244915138	253536626	226377876	189612173	29900796	39111319	247466621	204458306	211795689	23314087	251281050	231358067	18169437	71063729	195280418	168738285	40910315	206485192	180740006	268516781	51264933	21708145	262290782	49691985	16465231	274054384	261897355	278117437	264524070	180173829	226346761	14344497	56532754	262945283	276183551	277789089	256129427	172252889	234830059	253966499	296425604	140949512	232273915	14825399	89012091	17807191	128530184	91731681	4798151	243801701	21277499	191772231	274675225	256816653	270499347	263927306	228537830	256980379	182138191	52147450	112384079	262517990	268809442	150967023	46372265	18085871	295777291	19470523	262910901	24883913	232993470	69612154	31339129	286989303	285586028	202027548	170497714	20028995	177883106	143798276	86225369	268554691	266597097	168243500	104935691	116371692	286645609	280997962	203796540	155332664	227688423	252784597	163295179	236924826	21442415	297152328	291352362	170018765	60042763	36147892	50277896	125542544	165555585	250516710	138729934	223227025	255607479	275497890	134470848	225487947	183479326	173321244	180634501	257246671	55071477	119090147	291777441	275520660	157927462	84158248	129941316	135965843	46908648	251546312	227818752	65458505	287353674	44673841	41462515	155703535	36835075	29436588	162936634	282995337	230337083	177482285	34615724	216410629	296397266	294200264	295832442	294411114	295370700	82422224	114010546	185222039	157075186	242428183	269985965	201776154	175324265	260084290	223848490	19001832	36055023	173221848	26388416	257104882	69451473	278669200	246362760	30517098	265889623	239347515	107783990	292857579	163129014	28747335	173680189	66425051	200141947	241411518	18411761	233409410	42247555	253437303	36808015	61187345	111715542	42116240	183510139	256220007	99591267	106038794	181951323	80319659	60766775	258740810	267668086	274772301	280798237	173417494	39655247	234660718	291202185	258317100	121447170	50275032	274899641	68002439	248619645	200057463	265658941	76456492	274112954	73965968	239477028	38936836	57980276	165159077	63381653	204289910	121610276	206052014	78520309	271392747	57800394	40214450	131604401	120997187	272975165	75538283	195075854	16359110	189996730	25435808	277945976	220241490	232234573	234849540	24223205	86957010	233267690	33664921	37625213	16522602	282828126	101326169	29007190	16948493	21011652	62121743	19788712	119020698	133602436	189144194	238394455	235772987	245308433	118829759	271293306	272636768	293314544	196451074	270692137	19631841	97576717	229972660	34937511	113908385	270867243	49912458	219716158	267394741	56995582	36711067	233791923	225122765	174660037	160864706	177658268	268048800	277993882	108140942	246225272	158177633	242063677	101850311	162797731	16947284	254482502	252159274	81008608	266568735	277726631	286267288	295783769	190546924	219311766	243804485	58070879	78681931	275420998	68535260	40343281	263908987	52946190	190289594	19535531	232036231	121651482	72181057	14161537	182097517	10786382	265655813	234264022	252286414	196875699	106829230	291607637	291018131	249611158	49485108	253957410	115807517	231806178	56530113	131142841	206311245	85438584	293671862	269670600	94708252	200704345	116528192	241603622	70816752	136050107	263302673	279581679	144741342	49615605	29859042	168530877	288514224	68228017	147762672	27431825	175346568	174438039	241767234	204456117	204247826	270308051	136004374	95785600	73530475	229180180	273299867	17590261	251269621	216601042	255529401	253592730	255544462	217099660	255515393	119640486	187335401	198513006	257626451	264081721	220041518	117918572	17924123	185143375	24561354	160895052	268591725	265776635	244626305	257658866	185995198	125101470	283971505	198782142	170823600	156587228	110668849	82597873	233934753	81465217	70750022	36785207	231444266	267030285	213683944	279416495	39653034	276663950	216763995	45354575	281006932	237506125	250386358	276303377	237243912	216337924	279219685	181472736	136580566	46042572	26831368	15502719	66751862	162991438	19238188	223677717	155651295	194514073	16024366	189500524	153881632	18680847	201919479	297899857	254504128	253856719	25856931	18383106	25770408	40986739	57005769	73099646	55062129	12094002	16259228	20439040	142300344	221821127	263912856	213954947	217634501	243485742	74014041	205425209	49791309	177584156	54281064	258509665	274271065	208505626	211847949	140643083	169256408	19958528	37817079	17238769	25652849	260115169	16255706	157354679	246750515	22776462	221022853	48421020	184806507	190777967	266078819	42109537	250691029	78758947	251352839	221331554	15338003	83220224	148179426	115862605	63506862	169412989	196548326	258023843	280346143	257218179	187873512	279819143	279877665	229534779	30968039	46532787	275155118	277334786	71272569	276021720	288152207	259786825	281740766	296120440	285935663	43550765	265357332	80775147	128883374	67667933	52725693	238192529	29644437	30738293	51424232	176814417	272140109	156337994	118884166	47023870	14583543	232713351	141776510	126939883	266205436	88213232	266929855	264090084	277808821	16713389	16090767	30279271	196511304	153486890	254412324	271222307	198728663	37815814	233997820	291849781	212325008	220687241	273057261	286368496	286297785	286774536	81692131	169903572	266025361	222171613	261661292	237044239	43676099	267347384	264055869	224997980	235859837	225641928	15019740	194446204	231675969	282995922	252151224	97748394	224069027	57221107	273286518	273293450	273295704	193364199	160269657	222070101	224003404	141559099	152077137	30780296	56526121	159221026	211977478	25560284	55968968	186974409	284104210	220973344	123130128	182953616	176620649	184152348	248364445	194085992	232195170	285748706	122662393	256771166	198902877	143623229	17524927	167418123	245794608	30882213	249471079	18743464	5440492	130188263	38011830	146080681	279937958	167396467	284994423	282450192	52888479	59409306	17007478	24485362	17851312	102761309	245492534	292365592	132547388	292553528	14844715	14101292	4495931	294037148	290964269	42811653	278624499	282569232	254465494	104268526	270893793	223216332	16853793	281821301	119079611	263918186	141918900	155812513	193692319	271450779	265602646	248677008	246986221	246973066	183763586	271024761	96109157	142279225	144278051	197198354	24881911	150438330	43254166	127576812	196302225	132972881	25745019	24772934	81985859	236224813	283025621	263808381	240685751	282443581	230320854	24772868	193834605	250521819	111083759	265453806	262275265	242647203	96487351	17563769	47586577	49348697	241107020	154370112	35374158	285976726	72991947	292557592	169773866	74202957	218364597	272824638	215823301	258544800	246418321	241991735	204955692	166494247	42132477	41200574	260509316	294661381	232555866	288742634	294320147	274585581	293999967	293266191	90771536	205697105	274693925	93487121	28547968	166606220	121239864	51096590	103814361	165583353	238877233	142386187	73986605	23128820	121275000	226298493	239194378	27271640	18772703	15576494	80530081	23224410	18534287	35520133	6100262	253447210	103370206	91828665	147529352	19737457	14851072	239333526	247811779	101608650	25344447	20305359	167954464	30150653	28126957	15327488	56116936	85073428	107699204	276488108	154954161	215683551	262454764	24055334	19331859	90477623	246747792	168064471	190032816	78848921	233221072	122477497	181410053	73596250	22577042	15826025	153358597	227547775	764284	73642113	66951419	270168439	76265830	249932267	218786296	47481699	245822000	15399951	46448967	150069779	271014266	14550649	215156192	120083514	135456764	253573328	14425899	16312422	201972120	104238833	39302767	148490111	284257080	28391808	236336123	215119502	21289631	200891132	110236748	273771404	142240720	218581446	48293256	91068791	193904038	230570269	67979943	236320042	283227706	246097212	228656568	283068043	231612418	251967917	35033741	186320041	25503051	139077598	44446489	167555307	240586538	130876440	201002448	71799841	23978832	179672920	53762309	206756995	193514027	76799248	241174612	16381764	16496431	58156435	166842821	74228031	239332468	18341430	58881671	108882851	190804002	217798695	174952345	259579119	4864171	28911707	19520006	45406292	238856347	172740181	174556764	169114388	110629688	200251856	32145253	151887268	153013137	260099783	177501889	17051720	15353236	164488114	204380780	215859989	224455014	114710528	202075612	237192634	246899999	264228769	264228601	264228964	264229483	264229646	256670843	218495582	264225324	755332	38267516	106088515	37230804	178024623	155104304	19691332	41446355	233758745	46381467	216304271	252831728	90905825	24533117	61186808	19181549	16175706	110798738	152389419	35563232	189628998	104531609	14279799	69938917	205896530	256159400	45780869	23815533	233218414	73465491	220502693	139942110	166332252	131996058	203190474	173768022	240749260	176315712	121380217	198860492	171815550	89188671	15184942	232445524	161784103	207210547	239441901	81921126	210185175	40212561	218307326	48358732	20385597	36268289	64194057	158262091	173103598	259258282	150852532	244659393	207924244	175116860	247904374	19468555	23800007	223540054	231535622	27206171	166584190	170383197	15654124	181153212	99412732	30546177	234916113	158173309	127030142	188865006	249350329	174748955	113289939	175054545	81443372	48688681	217058692	253571743	227073195	43237308	17831966	57627428	245017603	183926085	91609427	96387764	111085636	49718612	202517387	227029460	216335851	87321877	218062879	128388590	174537699	166728123	78257206	106877921	212201802	105894492	48935222	166839611	45186617	101826941	37199631	219615193	25253084	132456910	17180274	214863110	185481670	5338802	180796465	140216501	100281735	182345402	153136930	229675551	145618951	256306024	86870200	148587486	102265442	24583357	47133874	247357423	55628431	182786166	171814090	103636197	16098881	135533699	248510024	245002421	146491026	21057434	247841740	236650532	253467963	41792496	251556226	88321965	196694457	232672289	181829027	165393411	43600056	102875620	252890019	12566322	39591754	196668969	133394204	34456417	192820316	123065621	69211707	195545956	150550977	251160928	75051887	7216862	38925280	51908250	16715586	35767916	139598867	85742782	20352504	17420951	214858544	216985673	207576682	15747743	24461721	18282606	181120728	250973539	157623929	51425907	22249787	179881686	157385656	121437473	245731917	228009648	106949905	22972326	209416396	192236628	58149795	112970794	40016029	240201200	224742805	190586896	171709481	105961520	33279602	168889886	54043723	133967797	56991633	36336240	224760049	46702589	18577206	30898870	73909215	16289622	97383592	36719360	135348838	67310480	240869487	94579136	96021378	236357075	90376008	172668196	77537340	142705767	60060256	79162998	147817117	114685098	124788162	241646070	121265741	184453159	196498500	230363570	69187979	108230496	219640810	109649657	119286553	45930775	18983594	113709253	90137051	202720442	21158514	221924226	129529866	37635895	147521437	153295926	111287493	208703350	7288532	77725938	121089646	125331429	91137860	105860187	116049408	155849013	58444757	61503837	230335428	147499260	23174261	172905546	125260918	125376335	121341257	124395088	166073644	210994920	84855892	85067587	222821205	203482564	24703871	207617945	59786309	125178711	58044082	86836975	212163769	68783084	15958265	5683952	227111237	109147851	13314262	50815971	73870528	59111213	28896913	196524577	187336790	11316072	17008328	118331440	162614580	89642805	73866510	116398989	17163118	13396002	183078267	105766812	216451183	16090230	16248319	192332269	162087400	154906588	85302020	62998807	175583831	15274836	161480745	15785068	174262638	57594251	168554312	168943315	53504161	68999559	156819648	108456596	136979179	88716606	159331541	123480455	111183391	88906360	158035174	110391827	78447199	124619617	99008280	90723985	156702973	71202900	193979110	136444107	126235134	169025363	149338248	131416284	112328242	188149007	222376814	27555129	172250034	192447160	64671102	122713223	108299296	169822690	18560429	145165527	113784913	72049431	122940351	120315834	162965189	126595195	155540406	108808407	89962495	118028227	202261677	112588866	47120401	202938733	22150628	179919296	110017972	27059308	92949213	127553107	30135051	225615620	185437031	87369180	25707034	145013337	135772684	40838211	149536802	167613805	19572710	240514602	157314364	196161118	185738219	25169797	161524303	212005766	44299839	16261638	149438912	125742945	247049883	103718492	15279235	211826816	96307231	63047330	177580692	21777919	221057424	238521117	20857912	70774194	49998367	158104132	102175852	33420178	66763589	17045349	49443008	37070277	278286871	161550471	214414669	43740591	273405471	89650589	126754289	52117188	18513873	73652284	35293850	79929688	184796031	213949100	243778871	159140375	44568726	203869742	152188983	133666845	22233470	95740429	115827236	16469836	48320268	51446354	236316629	126550256	16554602	20516393	163835030	74236674	229688900	112008880	64293519	109995803	17347401	67201027	229669544	246490109	236318007	127627667	220731530	146518263	60744074	87271819	96308224	93677149	148404566	15838676	18526946	247405141	241205936	15749216	148495982	231711788	253066185	133907686	85008170	254475026	114467024	209140038	109646868	63861876	220781760	179392792	131832830	21458817	194973377	30841587	39412169	43384002	33769346	33718372	223860134	82112048	104849810	18244415	25447492	34552289	91071674	198521925	161828944	205993497	22276232	162813555	107755025	19022242	811182	150724714	17581780	69828121	85466408	128309401	39885951	47847576	60448573	163582516	150571601	206077141	134915079	67475592	42217478	214354733	151100153	143276180	165699129	219568154	138307343	164001103	25085425	102952315	112528043	39836499	67902518	20661527	15709626	217634502	119623806	83137581	78161896	15239379	99859136	18830590	28301633	141193556	30484294	21117572	30917871	33370627	14069199	53443633	55882303	149728124	32632622	15819550	194975337	81037598	123869141	178798113	178945673	147015499	162586724	174578384	166467392	193062697	166068822	194340931	111966379	214253906	9654112	222244547	55434962	17927796	207804052	82154425	159996321	28031609	19877600	130925204	18722739	39697114	52192860	154708805	278433933	41383510	212999488	103457965	99192735	113350301	273897180	242477546	218484652	73194353	199288584	163488859	38748814	95354168	96225975	65301439	47577195	108770142	220009809	43519478	18182511	65731445	212203440	89681407	92638580	91608553	94577861	114002312	193837982	68961444	213292822	27843766	128052201	66902559	109555412	66001746	18863927	18262412	189795315	6734842	115394074	283431510	33328619	109671957	93876749	15312244	48985524	124026753	22278135	272728540	273036415	127485405	70405208	110037951	83919094	253082769	19459879	126089692	117598657	115307222	47058619	52085836	98626008	15645871	138189465	130450463	144758508	85874302	107515742	70786565	90822161	18344958	107088004	147784384	27948230	142616932	65916042	22218217	21195279	226273650	235900641	19618046	81007441	17394257	96539028	19460869	230700879	18248717	46787956	140228770	268427454	129258460	89300184	20948569	157379461	26211291	47268291	108727303	183002498	24923319	30288492	32171034	74153376	184502975	70577914	182922474	164832803	116583861	176513467	116568966	29334542	142249428	144845095	253163497	51018366	60135303	84273114	208122157	141189815	204444105	123147423	18933832	152541525	29638506	44817367	130920525	5901712	14902331	18226744	151947729	18246994	140159652	197294343	110028306	19250651	176187989	156807569	211715597	113569165	239567034	30838378	166182349	65515751	128502388	121555245	174537366	181615129	222455660	233986555	186878273	16307887	45285656	218389868	84884496	141531948	53930475	28040404	30298574	25567025	26929655	112937151	108710233	200635706	184728988	173435015	153522798	34667149	161270244	14907491	206207919	211316220	156214500	230655639	233250372	213752101	217646045	73192963	184545722	71194640	195516360	37875744	68207242	1057211	70393730	54039049	172006745	174943194	236242567	219607670	228353784	37866934	242261902	146218190	110855805	90615766	20974444	17273511	16272650	22168877	218443543	139799049	159567636	48694687	90050292	14382508	235192963	20071285	70652931	122182044	154090353	100306569	96030303	16360046	179302942	220250862	72664611	182994651	139219463	260548440	158182558	224420125	244384140	219211895	157323579	250193951	192210863	211968286	125209408	213980153	219187105	93342496	237201702	249688729	178632769	183520136	250921463	246897405	245709537	183558558	206600464	172223222	211012538	243554611	117695576	242238929	197933698	145889187	162354526	126570375	181529455	161345564	135873051	218725289	228649818	168892721	51295101	64985416	233736173	163077137	195585001	204604392	173012373	190271969	142548196	216600826	194081516	141088365	173322542	130054954	202534025	185111605	218384243	219172881	215460158	189881826	43085536	59833695	15187867	152980686	145438389	105982974	48256675	174583794	176639051	97122417	152143338	190291060	166188695	161995803	147850809	175008261	223838495	153795037	250047152	279886870	14549601	221611130	43415867	167916819	62963756	113426238	26767496	255335838	132813968	33637010	220612899	285589265	166835776	22499748	19251173	286210861	43736176	123527285	286135395	16702542	193700932	37891626	278101954	34425171	148273080	103682304	278309682	281807105	175954697	143708803	223521733	257852300	40100158	35644266	111166747	258571372	200238372	267812692	198960270	103562281	125905975	32210500	15589593	227690699	25844989	155690761	278407683	48566404	277607032	280897154	91687712	221763828	245935781	262857305	124167390	268185500	116840879	259700309	281877860	208703812	277816015	224827646	241374255	16991573	281342330	183149630	134179360	275058548	175010693	277453620	113422725	258939764	131618902	253577941	137797144	281876899	69331776	15771146	18332827	129251758	253173699	173054275	66350411	55644350	86987686	62415418	110075098	25087375	204189223	63098617	110011487	178456248	25741062	38527309	253154360	116158687	144544314	139463313	109683613	131558610	68088973	50243276	250827654	232698881	276449734	27986846	195076362	248240711	145745218	16527807	272872453	221404187	195692346	124293284	135459066	121790377	64466442	260615667	18978029	230084629	225074361	259178202	242898397	31711836	265147982	206092608	229391604	117943004	148203617	177199569	22314140	265973988	130901870	262462381	255954147	245302645	127448134	240788905	176323782	267903942	31173072	197856900	16540406	255234537	261080693	154049101	17707340	236467649	25012316	191333389	219971079	15887107	81093422	244026565	183488790	19650336	9951012	104026989	76539435	155392675	197568834	17128168	82968508	120500211	92268831	163954295	256688681	89817371	113365712	87821664	262447391	161929941	131490551	181618108	262452978	151780795	190155842	179223479	201572741	259066705	124942059	224385752	250573286	106767958	31694588	255529014	52838971	91359149	242593597	24584832	226715102	180208145	243828120	212819784	240508658	221931304	139737918	82943797	25393674	134457542	143925094	198529080	227462101	15738051	16204513	16536215	112268544	162215239	124865767	19505248	160618655	245435554	230864090	130114448	98378632	216749418	21863969	241241199	132142503	244173814	229595546	74049344	71554346	216797481	110892019	43187880	109816851	215152095	29590631	238083548	244702046	240969195	10814652	44150150	243430977	188466891	85066711	238881018	159853609	25197389	20077917	172397445	209092806	185360645	154654719	215152896	194318885	101824385	170993010	90855891	190330120	224652858	173688441	234051687	23154642	197307520	216297730	232815475	16552434	59487814	93694951	204001816	232277708	26115585	102443075	225589249	174242939	171816357	20738338	22266175	32228471	88829709	211951235	222303570	185898103	222766988	82674452	99325018	229755160	126974144	4478671	222711637	84045446	201985209	134169586	123674947	223997605	203160584	221264076	52689846	210587185	14720411	221595383	165083973	14389132	218193050	214226162	79469151	118254135	16448975	213172552	72582404	101562495	178637146	149642749	212087722	18214064	20664195	81589067	41176869	193365349	159862634	212960357	12014232	192787848	154321161	118176817	24720357	203327299	48241519	108557610	113140942	217807697	146567120	18102838	71861590	13339612	128222457	16585234	88618493	109733784	44672556	168959288	215388979	24400109	193843789	59461030	21361003	59784455	108620454	140966649	19943712	180642274	22411342	140481262	141871365	192816051	121213242	117040707	94159667	150180833	70659614	185701545	197339592	70122463	27734857	179186077	212328041	122483372	34865747	41609235	157167528	54576963	210945999	16545201	180502956	145592392	17203389	191798980	23264968	56449724	139652305	17372877	178746702	180846682	23242687	82749796	9636172	68198959	56440764	204502943	173417868	174132004	21707592	66120377	157575913	84451942	163045573	59175800	47214110	184328970	125813855	162691514	190735363	185037211	194618632	131631249	64469814	49589129	171419439	156532150	20732140	163129038	113301765	20161260	27133654	103550181	162146576	50551561	113262317	105660982	62554155	98895260	48575693	16819278	26146763	18468289	205698762	188653090	146276390	277177661	109315020	253605543	18863315	222189121	231487811	283060914	273694730	137748124	226338352	77388250	28237934	235038418	152796619	143915397	171987844	22592596	15680614	263418901	18830716	143246389	75137401	2329211	69128532	28529492	240552704	253417134	14509799	233654398	82114725	261363415	269452085	233858892	258703106	65454620	252131561	269151123	214290096	70298048	45070836	238467136	90668001	199851600	261309723	246225226	25405104	21736486	67004059	16118540	24411254	213561826	88265548	212374312	216116140	192709407	211113794	257482364	100337872	69279124	43983294	218587125	151635513	114519184	18487616	18102609	232116346	23364134	53282345	232591949	110003059	253275293	244920664	72135569	208832791	106888707	113420566	230666679	253123330	40111238	247536014	209944791	19413210	222487886	250818782	248699925	86549560	111056402	228157976	148621762	242548236	215664016	164453678	16833565	245576093	65665199	243292079	240860601	19236410	207651479	54493958	202775609	174355307	200713835	191214979	38452209	135783478	195219729	168518969	123713942	176606975	26250653	240062530	109421808	16546592	160100757	229375142	140930488	231496926	80772489	25108160	28043298	73303965	86195878	124120438	45954805	222066389	163719196	219790225	58115899	221735745	190311526	231180805	45757816	135333691	172314205	165622582	29979745	15600217	219583515	173423429	169349605	230314512	183122633	23409111	227345744	134901189	123946752	19551112	141228627	176192916	211374306	144292064	182913603	213840810	16419972	179238287	223234065	48519073	32986693	216846549	163865499	147076635	172518762	93080678	195593127	136395153	178636787	29974662	25580091	208412408	177799600	221355188	218809097	46019128	17180464	142178719	194731554	35304880	214317355	27533944	215411520	188741470	160810275	165914992	18914588	195192761	71345831	96310973	210914028	52975488	209529382	180703009	79294815	101708609	212974171	154980142	139219549	51991431	174742258	177728250	39347994	162557157	133544428	206424745	88773980	195238719	189699247	208244830	183356424	201606133	26756907	204612455	14255263	204979872	106242514	203877330	8768362	191775910	198728250	81268720	196179849	58563936	177123704	18628014	53935864	118911439	33152117	202063776	178800781	133759912	141425658	193444732	182028739	189762800	165934453	53535365	193765894	182805726	182413103	123055515	184006519	134134994	189619885	196590443	190045978	137137080	183711737	128892306	18300375	20733757	16231382	20347670	157001967	43576064	136416672	15369494	95065346	112236965	37816418	186851958	114526862	121202735	116706360	171994605	115408976	39445023	22246661	176537097	107552437	17226172	58611693	188513041	105033246	145293229	78446884	179279593	91367687	182464464	148055679	175790482	185307442	185034391	33452988	18593357	56565606	105671287	175480284	27821980	28331414	176679557	142585230	108107355	37624494	130712230	11341332	17709126	20817660	180388186	159522228	178074070	39398286	78252817	16849540	176941396	104966264	50735431	138879924	174484593	131285394	115542883	16665065	33910678	56897225	151622176	154903257	132377834	170076481	176013108	167884287	131814892	170929426	120393696	147170929	98800107	75043815	18399603	105623556	60304834	20651510	85559499	167915369	128693996	133399454	36137793	28252297	168019325	164647761	141258205	22726779	138234621	111238218	37365001	18914991	33950438	128177017	20095125	44985787	163287729	109718108	97907584	16746457	117959648	54373903	108330554	41133366	27251729	20741831	121406942	68441960	149877159	89385774	13097772	18938135	72715220	16452610	71744940	40834740	111120412	28718981	153051051	23607882	159187123	29873873	158464885	158569424	136843972	122424857	79203723	145339195	146942419	27001746	149815436	140290664	136844568	140219717	35261530	96550754	46380653	17905825	28601983	31472479	89273858	72211543	90241873	98068625	18786414	16150075	107347146	9640552	52328456	81427357	59879180	128000940	11922532	104268179	20140706	36563254	15671604	101774101	134505123	76289403	18483871	20386807	44410726	125525687	123108323	18591276	57232451	12960302	134442686	123613381	137439295	31363700	89898365	24565047	19797083	68180020	26539097	111873330	133850490	89897561	38264157	15410334	126751243	9890492	18317022	110598205	54552565	15695513	25897762	68787968	14284888	125239422	22921836	15615814	83693427	95492394	29382965	39629037	41585174	1712831	97732250	18191358	117725951	78816575	19794509	71533670	23351136	15302447	67421391	38974790	89122015	42620867	80521098	19758510	71342524	75630518	33821288	28896284	11041822	46526663	40646311	96469356	46673109	14850456	14164344	41509482	106804211	43700157	17962047	17376797	101846626	45403896	101871719	37920064	76299879	23774237	28226960	69490214	34774802	38003948	63804832	16908775	37322666	19199335	37188645	77844168	26025988	25107510	73730262	83884565	65428529	65835527	40359919	7901202	23567218	82107028	77954348	90550532	40218214	16352523	90497750	1734381	20755912	24100116	16616272	59894716	17266502	90695701	26955957	16483349	39990485	81635578	61431277	31035663	54804311	43155565	40634780	47062640	25984172	75867439	29681291	64462445	79121225	17010913	35716249	15470209	55387864	22423078	28018672	24536499	38563605	72858117	24601244	17095138	28676291	40668957	70419617	40092662	17643984	6780032	25873356	20127570	24440532	80303580	26863621	46878851	25290300	24898683	26739128	21246816	23703690	55748658	53801065	67232882	37198753	6452362	23223266	38186171	19142115	25965585	18686823	17006500	15896304	20660609	60190631	16732982	15192462	34091029	14154581	289277984	280529969	269905409	231521076	157495471	169343758	228843946	251301684	256361818	155845356	261413366	60771456	30781637	191269429	283660297	63300896	190387695	207701117	238642818	51828688	268991523	41022086	127731113	275987627	262153091	208445772	73978891	52582757	70319914	212017492	132223511	72217303	183461152	75112612	98403932	248236680	183104222	264340725	249259023	193304707	143737115	70916494	79368429	21219390	187397468	220266652	230299067	53187491	256754305	262153439	29618162	104881211	166698317	125547568	35751198	26815053	20923572	220261796	255315692	31009369	126364732	44042012	132060019	127614046	225979428	128105374	235905598	127001920	88265379	41057472	97158610	135949975	46474156	64172089	96918985	242444620	175428211	124303974	197400634	44802897	233198960	34933263	63063608	99647395	149641550	52114630	23080930	227573958	106602180	183650452	211091919	209310783	26167227	24093476	175856044	46232571	63210735	42881936	24645450	208766410	202892149	191302528	93303616	169404427	99811835	58125662	87525822	54094058	224494683	19354734	161986051	24521647	92579928	159144566	130461262	115753716	152592854	176061303	140054591	28841598	237218871	60636147	83305575	125609708	86405997	20746875	178759755	14887344	78000879	48660269	74213298	131962317	34943702	97061484	28354730	55121922	52254968	159302616	263954428	111992715	74436561	153563696	206767223	125499204	155419475	22947128	245207780	42578945	90880057	230770866	180595146	75816353	253784340	181523099	249671462	252136180	110438436	199234560	82872332	226965766	130647905	19511386	75560406	25190142	174156674	70038682	79588270	97081126	176806245	22878627	15970446	168424949	21570835	161284824	13286872	221521091	239380259	246789536	164322849	12611642	7879052	15517179	56397733	268341285	128939654	204112896	43345252	22100978	15781511	248898848	263904615	208614041	252281104	235822274	278672559	269432426	85983397	87420093	231279877	116137268	168856719	47654683	220674973	227548005	18118740	36585780	166124051	27088105	253790243	15695531	161962473	235313423	218342409	193159735	15366620	240107194	213277302	57085197	164813803	20107560	204438455	153701942	50225755	217580744	85815563	38012474	93176964	25861198	212735287	29775116	37131258	79716858	178259738	242837638	20900227	91641527	192703995	90757646	251169043	229998097	197537426	14631638	23350990	14576237	157039859	37141863	118767202	14991366	43987148	60148606	15161281	64756302	17072513	22421558	28447324	15195171	42113866	15831774	36147690	27003119	16611635	20081681	16543944	18258085	18171314	14467906	898491	18362376	16899075	12710712	17171293	222719082	16869706	216170279	199291612	223944770	165593389	119329846	18776265	229807541	17574945	63608165	185616252	163528238	122153615	15283659	15904829	194952025	20588598	85217129	14216754	24815181	15735125	18761352	201467713	84240622	85668268	17666684	40643379	16656453	54779857	25825847	17973137	21460496	15786795	17588271	10869332	108428530	16577921	5449422	17802735	238348728	171700937	81507834	29404038	31332024	38300374	191274945	68750803	232679119	23788252	212032478	134550035	237581493	138872044	185471343	153744800	145992466	45954828	220342684	122596475	71134961	124596725	38333888	84020674	248079724	122960115	109569992	234255302	142922273	49859256	219180908	73709018	139687353	38063091	50547996	206032828	138850778	273366887	202107803	73887341	39381442	121182795	20198692	36459796	17518176	58176322	110661938	4305181	179785373	69202755	144221600	217773860	240815071	100424053	167078998	288728873	262941202	16081399	20974144	262133756	24292018	277239676	37731445	197414805	159733859	275044789	267943271	131444664	48155096	125496330	54010409	181923189	123686892	218778335	86259218	150124148	117236393	261339594	14160697	113311342	95104390	267388683	227742685	212827556	55498215	227160651	219125895	75352925	50480950	230862025	227148192	25701822	17137254	236220927	133263044	212741622	27592816	18196308	45350509	76975713	38267814	21161394	18337264	58907673	245586089	227573417	26118186	41134865	90568911	236966503	170279558	218335286	198919393	214134376	87872551	80631844	37785392	14180448	89696456	144604423	234519346	80910249	217447691	78217849	222894236	33812657	212302340	115063033	155656644	186934738	17727842	211100119	66275971	23664510	15787053	54716721	18235319	26216948	80286900	30632629	79100380	21323094	21676255	119909797	65137221	162416946	29674962	108311216	154352321	107953292	15770715	24398480	18474711	45881744	27117464	27812512	27768522	16563471	22278762	14470596	6232242	19366844	17035026	22491695	28542721	34007097	123894955	18279491	14359747	133783310	22032969	24209447	14503541	10405152	23548317	87886096	33778988	26188132	62956926	37965069	19912933	39828896	52092606	14986811	16832044	16061242	5656402	16468199	15831817	61897928	135925296	204667402	278075705	25154863	248834926	235488090	237482881	231948280	257762563	148891227	181925782	63666884	19987632	144044604	14352156	17750395	62566252	44599309	41735526	213690332	175729841	217867024	208789485	68660842	165062394	95625622	197367130	181963676	234869209	222868542	174119651	59564726	174215784	18414159	46786678	117272475	72518620	115994571	215648207	199624094	199721895	68455250	61612087	137819099	192596554	27656345	22686121	169541626	72177909	38541154	158035467	167361946	76908416	184390623	31029484	168438308	168981399	71349991	167458004	99345593	157516380	154919846	52562647	165185762	100046297	17897027	158784506	146358409	75225190	139436379	114899946	101622374	144917033	54877998	16453965	98364447	18326854	110013129	19971154	34092962	116152274	114420052	65574375	48081908	17139109	17177164	94686097	49320629	99156021	69134006	17819472	23993598	237819356	199288125	41303263	267986176	262286258	181032620	40846502	225634205	220431525	178910335	224917655	65114836	137622383	113508007	218736394	138924469	220864686	128242129	216556124	194385770	51123894	30501319	155603102	187570007	48015450	171560458	143322253	187302327	171200643	148034545	107837484	30913162	175610530	167300672	26134913	64803070	69552155	25891307	30812377	76266300	18464181	34878640	35087035	41966080	16994294	72822155	271443226	231947860	70886259	202207002	120994635	86878273	72653831	179387028	193893312	114872699	18949572	196984128	15978225	18048394	262752267	282572398	18135058	17361295	173948580	23335196	281884783	31427325	237193691	196491175	192112733	82140019	241273903	280826651	46200951	279942527	48439478	267040623	249547150	114370570	253605055	18440603	23451393	275078231	254858221	130619386	190029832	99772708	140299586	197324761	69991836	112043840	231172585	240854050	201344191	46618295	221866054	156381381	45900404	237601265	31026810	231531422	12992802	18068152	61091715	124324005	220955172	213541981	166418150	153502840	46860582	58165424	99189518	142291041	193904190	194158149	125144536	18867497	136123907	218883873	258593097	23563077	184802014	75389679	49574454	35097742	145635423	185039684	24903831	91746138	119160384	154426206	185713684	35791250	144228580	199120161	21259003	86277174	15786922	144352073	162206300	46288971	25634203	169547788	247062249	79421723	43848857	88756097	17627344	29685149	27876548	156662214	241340699	234983670	115446878	192924844	261390301	234895094	25129845	270003768	231178306	45430427	83982031	173556902	229897407	131218944	240000418	219473225	198756585	222266163	15950681	24550277	182615740	70461418	177931290	36167384	186017221	198316232	110863694	89787930	275767262	290781168	240465152	256765795	108222134	271545360	53659245	23155186	268534428	106986200	18944002	261583181	148345087	236366079	41479790	160251111	255299770	194775927	19035414	214661938	225052487	18876233	192475655	24357784	253466612	88487331	245413341	16156657	18838540	172477733	40921736	28570563	88622080	106375253	26296758	64960088	283635276	60146309	17643046	105730670	30891345	54521114	27338439	57700404	14807294	58644114	16737437	18868316	45325362	18066326	18794094	116501125	111732842	106182367	99263888	149458002	117819670	53698677	142819858	28721538	188459317	86089775	165802132	100076980	89595261	142381123	61054075	26341535	130085458	21975870	24350015	154735094	28640420	34075958	168173777	58841458	35364971	77652905	90145753	26453625	69895721	29321977	54661353	182047169	274176272	15507721	123461424	180923086	182646181	230826096	78106692	210209233	259037419	256288010	259597539	262021018	264710433	288646614	285506591	250394250	22916596	32520127	16603962	86246470	17221043	16818325	13385612	182296606	41175033	70373761	66309171	19147234	97898613	15295602	219196973	168209760	278494797	82637549	141596145	8402052	22483030	13813212	99524604	119131211	141583940	66176377	222679411	194267112	245076874	197806479	175243922	229640409	200885527	24249686	160407145	47945698	94450766	180533945	57363659	26941178	27628232	44461376	60401740	20925717	99080110	39255826	28918095	95474334	161529332	26799175	32479521	33398901	141012714	162188950	164485137	47376591	168396727	60219244	23894581	75751109	19845100	145159487	60352468	36399484	41226101	160571589	105627252	101578775	45090490	74587188	208371779	78676597	265062616	238330905	230184837	150417161	144002737	131813619	174400418	196993027	220480938	296979433	279222691	55994376	176221810	232276959	233270958	34731437	22770373	276841928	277716841	280925885	224392111	268751434	272858608	272844647	261324463	203084347	224663292	224586292	142674244	224442461	226901104	109842604	226905388	243757297	226903778	226903950	194018286	224673083	183116779	167351211	209611255	38674410	17122599	51540071	15424778	40766182	48864715	238648024	148834985	42490169	187221713	248470409	208563252	99637923	123692680	204111380	28992244	53733556	190763074	37072095	45517503	33058255	286954061	188306211	63923717	153515551	84636076	277661891	127112233	16878100	245806616	254570141	26267585	124572783	16856670	40765245	59496915	269401875	283153009	213677480	283159910	286174371	250621937	260528049	194250445	157240820	164139122	258270440	112349592	261080613	273810561	239884415	117365297	27098089	180081455	96280185	186686124	35319164	90061525	108350879	30901799	169051492	92918008	86067848	223752230	63349406	232324606	168894301	197306657	55391457	45265771	235396158	20956429	30689667	99357584	32136479	217424508	158510845	198983782	210617477	93792452	116502459	24147232	220926767	38128204	24405980	43638282	107476658	59327517	167043550	27753611	214303898	176908923	210950287	22950203	21994271	72418967	35513828	19908319	57007584	34486143	93788450	138847948	182688162	59591439	101892149	129977113	66613790	92906941	171910256	134326858	24808046	128993730	177174566	184664879	64612944	38996543	153470677	188147393	186751481	83220189	29706808	196194188	253251582	192559738	41798484	281064236	259311231	59837805	256741424	119362627	41869227	215984579	261050540	251134798	62011698	235317024	193496588	217615071	206660507	291728719	153104545	284942731	279941763	266581554	265291236	168180097	283169739	151945987	255997601	290007543	273485927	230421707	183259971	278075343	119821035	47072182	31608463	271473456	282249962	269977196	268162770	270747434	223231071	40187188	136242193	112901384	127027113	90518657	25317409	137778051	120623454	32953983	228488953	178067675	66879110	164191031	267328156	97339227	135410318	100183596	254534985	234135571	246424221	239477162	238692931	245441630	111509308	276916474	279422802	267152320	95775832	189173183	20288207	224117581	121929179	230754163	262355479	244770038	138628895	98726248	249618627	242625087	229255063	30315414	180325138	235267321	157858384	235270752	76022758	59197928	194484968	232347581	204009697	201049010	157765776	182040558	153033874	220190718	141243524	31923368	183477761	232276205	230880692	169213331	74041951	16648092	286025018	14743399	67250285	243009308	55928951	214203531	46199806	60403706	99123713	30487634	16245896	19113362	81696803	21971524	17352423	25898134	28377715	35747339	123637368	99782750	169822261	269054509	271269925	259667994	205556481	93549698	42624566	126601553	82211063	276283555	276532109	159001757	240605051	115916578	269102809	123491250	38613804	15520340	242910873	196386572	42619180	21014366	16672255	158533383	259912882	107762111	82994320	171737486	202431770	55982709	45480461	40697508	15860227	18626154	280823426	32559327	215750398	33142257	224806546	24490977	23626367	31590081	15496979	51536890	26533325	26283035	26539771	26570355	16544774	18534648	22099444	23490526	19790783	14651412	30136680	25701098	184669157	23891381	125778845	91374872	18624866	88846356	154440966	214910140	131042517	224877298	240883291	270896425	18880836	244124554	29632619	264651857	146111358	264709844	23057976	17577944	201518860	103771731	280903573	282783918	125336170	256504702	67632351	209929115	225961799	14903171	54718503	167474247	60649145	193266989	105965064	144090069	211544523	110130319	222866138	174218335	133612468	55982193	166165686	17092592	121311670	236062428	114224049	239020684	218199666	38212757	231521520	14782269	68953477	208945432	123762268	249668341	249048553	280613788	297073598	294677699	41379694	275663474	125424297	128142437	284913850	94283112	269276341	149456014	57135222	35536649	144433643	259875956	55157836	16345634	56776187	18212451	216847588	133890919	282846701	94689074	126414534	278874689	276890843	287049757	226610036	175344254	233566151	201762709	224540431	226848974	23327610	216853489	219212864	166485215	104409851	134559963	233913742	37007603	230253930	186744330	224816651	217248972	267204632	133650541	181800245	217321921	214314148	159534035	237153638	133348387	74055585	290002921	175815396	279871542	102136965	275576641	199497384	88308083	58311416	131235578	97703457	51891575	246161173	244539678	238183057	14953865	35399237	173085593	102072117	34902334	133902835	14367248	161310202	39227875	16115590	40406264	124074694	267004251	24989789	274637650	149800575	135728240	278903957	267032166	198775704	180537089	176760867	158663247	241773893	131161047	190921905	175570413	84749406	215673761	151714681	115105341	149329438	52586761	53335403	208652388	60626448	164795418	79024536	118825323	15813774	241198515	20541478	49858790	117274806	155666890	47777917	98509523	96023159	56507795	222485748	131223907	122320209	179230705	220419374	215727652	167035309	266825483	115610503	260666987	260657485	266462300	254506826	264537379	262534777	237039009	265844328	18371068	180841932	74696171	207572271	20488393	14400462	218945146	266744973	262465087	283170687	214598104	287394259	191209718	280875098	270022001	258814936	109161156	257626721	263783214	215639006	259940495	112256817	275197858	195042538	212992150	100613776	297234503	175980139	214941533	80160182	245167786	20355327	167750014	249330205	248509076	281715768	196529548	196505874	196500408	196495731	196975458	196958237	196516158	266549776	273158305	231348711	263841054	216617946	215930358	61145761	59304258	51730255	23668206	54675157	19245122	130344910	62497680	155689793	273691057	259742341	244766201	35341639	14376012	16429977	21251519	190765202	218861501	14959062	13973852	155313353	57843997	28126216	20664856	18013249	23091280	262785515	25354439	32361307	119932549	106473934	31136859	163786515	244347709	117903578	95192888	115624836	203986643	204528911	87696410	177808050	72654160	49128015	109267587	235313451	195176121	134704385	205000696	29480260	202594439	14118566	196929450	193176778	123751738	115990233	155776984	189495260	192272132	255237569	253727282	272002443	275847010	68089665	266707369	28395679	14959345	38830313	35779283	24659373	92340896	49547049	72212786	39200048	33957990	96895970	88196346	24828959	87931549	90420223	37386050	43998432	64352477	81557790	80645996	66849097	96701336	77485367	75092657	92341994	92337972	92332012	92329227	92807829	76140872	92304875	92296639	92219443	95854229	73936008	95434558	82288276	82021659	92335705	17773953	9385972	78001556	817977	55236354	68658443	28426047	20961778	36116095	36110149	12666842	154275872	276907895	239370752	278664283	124329690	103817109	240150494	64550335	146160168	43500827	269418027	265113586	118190190	60970060	46117928	177374903	97822240	145843221	164339792	265986745	29088441	262155383	208948147	200087249	250486009	268041661	32576777	246898175	229453292	97984354	288218388	248879099	152413011	266975944	248407115	266778028	280894734	272896034	23722620	224572834	212760731	224391728	28881601	235319539	117640190	112054875	55321704	43260119	25840099	97265251	180857179	246066936	242678431	128298917	153521104	35515648	205066686	270114670	244577585	217266881	203175998	115108235	292442607	179437165	265277599	235585935	113599185	156419312	107621747	79764599	167700350	130681149	292072851	215343175	125464406	197459193	77131560	110352811	161584263	46338529	15126812	62576224	77188021	80739469	14641020	105867316	22957635	200254272	126543999	27022925	211765562	160718204	290556566	218966056	285550348	285743536	40875741	81472868	214952132	133897973	198518989	260173813	238184383	31782621	242497435	241342338	249596740	237629101	18368061	218419780	85208280	101171750	218409553	20311007	268126128	43119995	232158403	39924926	218418251	212057620	274805544	222482306	273221891	241037569	137314495	274769908	273817247	263614571	201172323	75954105	298479553	224276077	19386316	223830147	199873686	197348599	67982292	98564665	257381863	214600397	34705884	270845549	249099581	274551740	110008689	285644430	262886526	238261903	204597980	176381502	229955207	31088235	128320616	56706787	126979461	65201688	182303997	217128874	86236378	152704702	154627779	35383188	92033086	89022461	30341213	19897075	19519595	17994930	15949253	14840162	18932164	267552587	40983286	278202404	273818044	277123188	137863418	132610504	273303656	273301314	222430358	103072089	201622459	273818789	274611392	201217347	204191806	190597927	19220417	19439454	88258881	51158710	34152439	121698903	266965118	253417202	245094866	254240418	221602364	36104376	177270256	57030599	88727975	21814095	152575567	16506186	102383783	119541447	220660878	25038378	105722514	284206134	165806020	35067421	144059845	110046331	32201072	146989565	58636825	42708186	138273132	67204771	226084988	224591171	275853432	111059599	135331478	160221790	259123873	177618179	190058371	133599260	115736043	204435725	63148098	226508798	50866160	182522049	294916416	253739634	285192391	89728532	219308632	62343030	246021685	274550872	178913682	293164685	230900774	258110826	181761341	270118609	208303803	123988228	220154589	108567908	105434293	16920080	38371008	15405328	17337907	93049372	72475621	16692771	27905711	80934985	42803500	242563361	39023386	291136357	235306505	262476465	185840795	167228020	82408973	251537735	131345935	59825939	147043669	258230465	212180796	194645091	121296694	21864875	243029504	15122461	278537949	226343669	166803965	249079443	199221767	48290966	137522626	264304921	113131330	116493256	255652609	219337066	268545082	270753030	222051095	272202065	103069452	102267208	222235051	168076200	160097143	197365026	112736571	186182765	35772646	241960868	103316756	16232940	15481986	53678140	16963799	17989541	5405752	243125637	264065985	86765373	216837755	83919290	283137619	289679593	270750178	16586999	57971253	272055157	287848057	267958598	61061460	278111224	242469285	190374373	189928554	252103112	274273941	255988600	232681577	239410685	257742223	195762852	21904953	256879413	181233139	221878424	251486666	210884471	73110568	298820131	101082280	296632168	201429995	186236057	174775273	40717746	221338016	17977034	114016995	24122822	231172273	16494185	139754706	126395181	266823877	255280653	250347189	153642333	134297781	157215014	35912815	160201625	234206159	244759583	191448911	49156380	191521732	39496172	173547052	16900628	127288920	253776048	276467770	229221228	199764212	194571764	253422875	182466358	219300612	150321278	185374962	32960909	186439514	42481794	109110360	183740007	149345623	27471405	170772657	170569951	130383408	18020075	45589233	202001056	110752011	278283198	266663094	171021080	290295826	243704101	202532977	191065584	265390549	74902884	18769858	261933525	20542456	271079720	257152117	282132769	120382566	265176341	181681300	286672007	109810057	258384318	185540648	147179157	231341982	129359843	172447928	259974277	237637285	14502632	14413024	21434725	15232713	21013876	18973863	19372652	17595125	142688352	118714696	54489535	215763538	238384070	46970901	120146229	268366600	24959841	43732428	143326111	47150800	91668669	229604487	114526237	244996792	219398477	23877082	142899366	135754825	80293802	224071455	170627975	39101581	157797783	188570668	259591786	21784772	114073278	203492128	24205292	271582630	270109338	273732649	210043600	269640224	170224835	50111363	234767753	115545134	273676922	272196690	228129838	270940502	271585749	270542858	251545881	60906516	257540177	216920393	270892349	261745015	242210812	142533923	198669030	216641267	171491504	234075525	259414578	224577226	157462505	270922198	138166083	213364570	208574826	40160595	39530150	183818037	30224702	152792600	94019366	73327612	25192474	16084849	77328120	18532407	226089360	264115409	30961554	264886130	16896699	7367512	30070014	248138244	244858550	33271488	253587391	295253586	18882797	287707562	243890631	26929425	205560044	251535016	261307253	235572386	49365472	33971789	237671880	124854294	19758708	83620204	39110488	18860342	14212994	252759457	259221770	260627531	283459669	112378158	126900358	17219108	290771696	282375085	252014350	141507813	229663117	276915927	268522021	249542643	37357729	155303508	80889677	236415642	84114906	238829726	256516378	278279134	253183073	277944246	65675504	235158809	269333792	288640756	259058612	260662343	280094207	293232609	19742743	283107508	225293269	261514705	174870438	251450026	47498430	125784564	285330617	98171796	643903	15221902	19724378	18016103	15520554	122527062	286447592	132215920	135066337	20509988	252105705	208636887	208840357	19374575	242133577	225988986	176511918	249480370	253075218	253489097	128443773	199277469	69223354	182165751	113249863	107416606	261935544	176292278	154661415	279393362	256274575	274124902	267092353	274772142	274769745	270083971	139499100	273374690	165233692	278912034	277090165	268770919	51936157	226995027	121744081	243193782	272676990	120921441	24736864	46324551	109408189	49615815	104922757	242837842	263507369	65641927	201531255	76704143	23812877	265782924	265769085	265762802	218375995	2703171	34339572	263925720	116272856	192579918	218904965	240843871	36620048	14577023	209382200	234634407	184238028	288631554	257366925	295170102	238042179	81491372	270530213	291983023	228986882	219999162	287822596	218857349	218847115	218835122	220057148	241408691	30642956	222765250	270905831	135255025	173158325	103574684	25128021	92433301	154986337	52075012	269628558	270531259	279341206	255087781	247604780	19091542	38723505	24469441	15756049	19010866	21049747	13996412	14090019	2241221	62974769	225244063	191410097	229579385	273051398	192992069	230024122	204127832	264403423	260103556	279916828	282662284	14228300	96010232	22377025	64755295	160281503	246044933	117569950	268063306	248521848	7597712	30229316	262567364	19718103	240487653	238826762	19346335	275038264	274416055	19472876	135943812	253538393	273007842	63212691	48921318	208823573	117701129	255851164	250791315	287363635	236738600	161794941	142300484	103123501	106065803	70140580	259024414	146354237	280632511	48670050	127581964	34563857	69924847	85866486	241782257	105243962	270935518	270028150	200615980	231322838	24323574	141713583	15786482	146256159	124575362	16658021	46297323	231320176	104707093	205834028	258715397	102673664	290614740	216184007	257159096	155568898	64950687	254004695	244531441	52748345	32277218	276576335	75817073	97855615	208227794	223943207	137536526	269398281	90567665	285724399	247283322	16683762	6822302	16220374	16044047	18338831	32688098	221588240	244852040	272159518	27555264	279421433	258273053	286985692	258266366	270496695	141092234	286449136	284601167	228748978	287472045	184106855	262757642	287260017	149760577	214743788	63921216	158959785	146493072	247511327	275753565	200089077	229079712	119453199	106526090	188503672	178989809	291923735	57802085	102374282	261806687	237061885	81994188	69146911	62994129	33148512	246443216	203693856	102848626	282849313	166573559	259891575	289728926	31371230	78190045	255294666	192510103	155174363	110776729	61400105	69495020	108114728	160320450	109826139	61880840	72669669	133056605	192567622	223134684	134946662	285834732	227077188	252237249	265057757	264331134	267569812	231570810	77281504	278559766	21797509	20604040	274357123	94747442	268765457	198267460	100984136	111739981	71965935	136396265	63256001	22685539	13301982	18253644	58123930	274825073	252740425	233823667	234745529	231002319	231003217	22245090	71043340	58747150	85094248	103934971	80441410	172331822	144140816	132291569	54476445	71583698	108077140	144703041	234658379	251522942	249292471	176465197	263352730	232301051	257959210	106423324	266993038	207173823	27053227	123787112	86987692	101704254	195780571	88198639	20491155	14281853	21996790	24139372	21592527	6149912	91104734	90742046	278155387	277738344	119196878	192508775	230061329	15005517	52780400	232714552	41101644	51361971	76026222	91051931	64903817	82956843	283537075	284562605	231939830	146933826	165888247	171405925	105663159	71772900	188960140	44921990	19197471	19916542	14915349	17556990	18531802	20895018	19962605	24016129	179030072	23667170	287361794	266954068	230050560	24387716	53961035	272092971	258600718	114277810	26029346	246661896	241629948	199672136	186267784	52496984	14242942	277695151	172143827	63499255	242660601	27435858	228967720	239256778	146104896	227549550	159122591	81652614	32230043	119173027	289457937	192087301	191156858	160245259	263037605	23389089	213114455	23145495	33271302	234974696	273144222	159632720	25568287	183187372	14140666	72628656	150458982	273299675	55433081	287735386	90787869	286482711	242333910	49453127	216485350	205879926	178131060	69954953	75446580	263104024	205287125	186500069	34486232	117497386	182555833	160565606	18830885	63992054	39567493	170535028	165271698	289174846	235447853	198606216	281329016	123116517	254333058	290947516	77328791	175043413	294262674	293357734	279745370	169760617	117013052	74305135	292384914	75611716	272990822	280840772	261285851	205939116	152813030	236855500	196463583	138610907	271765708	160883933	60903051	201074012	24788854	188755583	240703261	29914633	208909196	159663007	82500661	234138911	267844771	79583110	58020466	40636201	159787037	276342116	122513445	156790387	164324778	265742482	157769077	31159082	95969564	34075932	19155360	26629129	116127320	105429937	246098839	201183206	156557380	111073764	18960161	23214592	265677280	241987341	266646752	232386009	244615651	261115731	262961949	141982193	263405887	48957305	20281441	20510131	137787446	296393648	16597806	241276588	251779197	266459216	264259277	271438483	270524965	270677394	47081889	158541659	155806188	147816020	90941721	147952903	282100126	212822513	207730312	43187253	75033507	70495393	268701755	133130607	174051043	221893300	220061727	241079632	46368871	198777633	23140754	226406603	280664490	19201965	160131053	279130958	85510954	210357424	170694293	136139080	77590445	258955022	241584542	243898539	91351303	207352235	73428225	144496817	101208938	25636196	31109564	80765443	30822016	68615267	33809386	243803679	284069567	232869343	238711731	111075242	96036850	131917366	218888996	218855896	189151804	272333151	14641007	184348588	193970433	67813360	135422504	237489193	272690960	266265172	19216162	48062044	48360882	20079091	166917086	16446402	294745367	264058984	229296348	274779473	222379990	51272029	270309169	19554479	197560025	278707620	269733697	109242858	222416320	135685399	279392755	101622265	23467432	267234996	251527794	122926839	253537651	223220134	292398483	117042045	260396813	275051178	275791228	264805905	90255782	276136331	188045362	29181774	253074380	272870464	278054303	74354098	274228326	253487642	241025121	257784177	246859135	273243479	221718578	116407984	278726906	58706305	202987541	82915690	61466398	275690969	223916494	224155025	191870065	31638398	288128833	208075211	221190934	38856166	270692186	272432882	296931769	283170987	188396121	34841436	74504690	27465557	5962712	95249178	231192437	267090599	241131678	107668535	16186325	79591304	62477224	79655100	118181916	48055236	62382288	61766315	212417370	184469916	145744761	280259891	115593343	204590433	211865882	276580606	256665746	106549557	41641562	59030852	95485564	164680406	140176807	254927426	29052484	21099936	141727047	138632419	110288697	251784237	213317908	127031118	24406659	280360907	172907032	139392425	232292896	118357598	228573413	38124429	186275658	271076216	18931300	74686270	17784957	20290501	199177709	278703171	14203514	17076876	110585067	31353033	245161843	279314842	279242628	277104245	277102141	18316846	173368477	243620389	259001131	88003803	143899352	261833935	118739211	298822052	227404950	153154361	245293955	244935395	162155016	290477976	270849864	39944598	247120317	272562985	274481866	276227872	276005951	276206389	273073722	155834479	277963962	231962760	133455494	77941880	28854511	131605040	278163565	250960203	260662180	32347368	275659689	276081411	270944095	159545298	221481985	198567661	237391502	139814853	219869986	281979209	135747680	85681491	278071249	278918642	277350568	274489837	276178112	185909165	247293288	153756753	24424033	179639510	22837640	239820665	270862669	207622376	205046787	84871848	105892164	107628491	236218148	247892951	202011490	128929180	18119776	272334811	60058441	283495972	256919617	247718662	288127547	158816093	289165648	95776330	257022180	209057747	251547806	272870373	255715739	130928075	287501597	276257634	253579718	251351047	24144605	174245524	265811064	187391700	56728342	60225977	89286956	266981047	220074565	165931282	242905374	259579574	201954740	271778689	278946955	72076080	264043314	223212546	74896420	206427518	177732896	190370497	131916267	197251259	182153260	84324425	41609595	36491394	279303084	112878840	207386885	295360949	295860440	294116303	293501721	256497746	270099076	19812133	98390827	192320229	52809967	243883447	266574453	265891073	226086870	253410858	37188862	233288236	48649566	267618579	249267825	223544454	275602455	66334824	275772730	250827148	262957233	272341131	222361375	271396263	125335487	93950893	237437473	265623174	257377790	278076858	255974221	171599866	148674007	265051782	72218449	237822441	183916468	115566965	41334437	43611442	293565386	47352185	87627091	118623234	73560552	96069713	287621304	59818779	185761080	30778959	276954802	269383834	167966463	75622571	291792658	221537417	277698592	244243382	288663756	288663492	230467351	294461416	169447805	262922061	130408391	266570471	49992286	79171855	253073880	274771877	19330456	108454374	95677787	264870801	203809698	18824239	244752431	278063763	290066836	157707960	270864427	56033092	272870259	273355148	276496037	272869940	70156027	253995408	22015959	20424921	88140218	32863252	20571353	14317352	276462418	281563756	294055416	257282989	258913399	64386624	206095395	240776356	270718187	80607285	102658641	61439822	52474527	273299854	253076984	46934475	163498789	260603737	127472687	241038006	263744026	109006756	291029664	257259336	264254646	134287698	294161400	104951936	63490735	265244548	110782675	205015933	290250769	192465427	278980391	239061405	279529051	278178386	132774833	16504491	248125750	257523924	232280799	276150034
